1 43437U 18039A   18244.20548602 -.00000013  00000-0  12734-4 0  9994
2 43437  98.6339 310.1859 0001220  94.9112 265.2207 14.26733408 18303
1 43437U 18039A   18244.76652634 -.00000014 +00000-0 +12308-4 0  9994
2 43437 098.6338 310.7395 0001216 094.6640 265.4679 14.26733372018384
1 43437U 18039A   18245.81847673 -.00000031  00000-0  50960-5 0  9996
2 43437  98.6337 311.7773 0001192  94.9585 265.1731 14.26733402 18535
1 43437U 18039A   18246.80029713 -.00000025 +00000-0 +76880-5 0  9995
2 43437 098.6337 312.7459 0001198 094.2909 265.8409 14.26733496018673
1 43437U 18039A   18247.15094727 -.00000026  00000-0  75204-5 0  9991
2 43437  98.6336 313.0919 0001196  94.3177 265.8140 14.26733517 18725
1 43437U 18039A   18247.78211752 -.00000023 +00000-0 +85184-5 0  9994
2 43437 098.6336 313.7146 0001196 094.1892 265.9425 14.26733561018812
1 43437U 18039A   18248.20289768 -.00000020  00000-0  98659-5 0  9992
2 43437  98.6336 314.1297 0001195  94.1502 265.9815 14.26733593 18875
1 43437U 18039A   18249.25484808 -.00000014  00000-0  12239-4 0  9992
2 43437  98.6334 315.1674 0001194  93.9592 266.1725 14.26733646 19028
1 43437U 18039A   18249.60549818 -.00000013 +00000-0 +12865-4 0  9998
2 43437 098.6334 315.5134 0001193 094.0586 266.0731 14.26733675019070
1 43437U 18039A   18249.81588825 -.00000013 +00000-0 +12832-4 0  9996
2 43437 098.6334 315.7209 0001189 093.7943 266.3373 14.26733673019100
1 43437U 18039A   18250.23666836 -.00000013 +00000-0 +12691-4 0  9996
2 43437 098.6333 316.1360 0001184 093.9396 266.1920 14.26733703019167
1 43437U 18039A   18250.79770853 -.00000016  00000-0  11375-4 0  9993
2 43437  98.6333 316.6894 0001179  93.9819 266.1496 14.26733712 19245
1 43437U 18039A   18251.21848864 -.00000015 +00000-0 +11939-4 0  9994
2 43437 098.6332 317.1045 0001173 094.0548 266.0767 14.26733740019301
1 43437U 18039A   18251.77952878 -.00000008 +00000-0 +14893-4 0  9990
2 43437 098.6332 317.6580 0001173 093.9204 266.2110 14.26733798019382
1 43437U 18039A   18252.20030889 -.00000005  00000-0  15945-4 0  9994
2 43437  98.6331 318.0731 0001171  93.9707 266.1607 14.26733826 19449
1 43437U 18039A   18252.76134901 -.00000001 +00000-0 +17497-4 0  9995
2 43437 098.6331 318.6265 0001168 093.8772 266.2542 14.26733865019525
1 43437U 18039A   18253.81329910  .00000000  00000-0  18089-4 0  9994
2 43437  98.6329 319.6641 0001155  94.2142 265.9171 14.26733948 19675
1 43437U 18039A   18254.93537910 +.00000002 +00000-0 +18886-4 0  9996
2 43437 098.6327 320.7710 0001154 094.5624 265.5688 14.26734081019836
1 43437U 18039A   18255.14576911  .00000003  00000-0  19218-4 0  9995
2 43437  98.6327 320.9785 0001154  94.4789 265.6523 14.26734116 19862
1 43437U 18039A   18255.21589911 +.00000002 +00000-0 +19002-4 0  9997
2 43437 098.6327 321.0477 0001155 094.5716 265.5596 14.26734120019879
1 43437U 18039A   18255.77693911 +.00000001 +00000-0 +18530-4 0  9998
2 43437 098.6326 321.6011 0001158 094.2945 265.8368 14.26734165019950
1 43437U 18039A   18256.19771910  .00000002  00000-0  18761-4 0  9998
2 43437  98.6325 322.0161 0001158  94.2734 265.8579 14.26734206 20015
1 43437U 18039A   18256.61849907 +.00000001 +00000-0 +18477-4 0  9990
2 43437 098.6325 322.4312 0001159 094.4259 265.7054 14.26734239020071
1 43437U 18039A   18256.75875907 -.00000003 +00000-0 +16667-4 0  9996
2 43437 098.6324 322.5695 0001160 094.4101 265.7212 14.26734221020092
1 43437U 18039A   18257.60031894 -.00000012 +00000-0 +13200-4 0  9990
2 43437 098.6323 323.3997 0001150 094.5841 265.5471 14.26734272020211
1 43437U 18039A   18257.81070889 -.00000012  00000-0  13183-4 0  9990
2 43437  98.6323 323.6072 0001146  94.5277 265.6035 14.26734284 20249
1 43437U 18039A   18258.16135882 -.00000014 +00000-0 +12355-4 0  9996
2 43437 098.6322 323.9531 0001141 094.6602 265.4709 14.26734318020298
1 43437U 18039A   18258.72239869 -.00000017 +00000-0 +11227-4 0  9998
2 43437 098.6321 324.5064 0001148 094.7117 265.4195 14.26734378020378
1 43437U 18039A   18259.14317860 -.00000016  00000-0  11508-4 0  9994
2 43437  98.6320 324.9215 0001147  94.7668 265.3644 14.26734412 20433
1 43437U 18039A   18259.21330856 -.00000015 +00000-0 +12018-4 0  9998
2 43437 098.6321 324.9906 0001143 094.8316 265.2995 14.26734430020447
1 43437U 18039A   18259.63408847 -.00000016 +00000-0 +11634-4 0  9994
2 43437 098.6320 325.4057 0001144 094.8012 265.3299 14.26734460020501
1 43437U 18039A   18260.19512834 -.00000014  00000-0  12136-4 0  9995
2 43437  98.6319 325.9590 0001141  94.6400 265.4911 14.26734490 20585
1 43437U 18039A   18260.61590826 -.00000018 +00000-0 +10699-4 0  9995
2 43437 098.6319 326.3741 0001134 094.7165 265.4145 14.26734487020641
1 43437U 18039A   18260.75616822 -.00000017 +00000-0 +10942-4 0  9995
2 43437 098.6319 326.5124 0001127 094.5011 265.6298 14.26734491020666
1 43437U 18039A   18261.24707806 -.00000018  00000-0  10663-4 0  9994
2 43437  98.6319 326.9967 0001121  94.4210 265.7098 14.26734523 20732
1 43437U 18039A   18261.80811787 -.00000019 +00000-0 +10386-4 0  9993
2 43437 098.6318 327.5500 0001119 094.2258 265.9050 14.26734563020811
1 43437U 18039A   18262.29902773 -.00000020  00000-0  99272-5 0  9997
2 43437  98.6317 328.0342 0001113  93.8823 266.2485 14.26734593 20883
1 43437U 18039A   18262.78993758 -.00000022 +00000-0 +88883-5 0  9992
2 43437 098.6317 328.5183 0001113 093.7304 266.4004 14.26734607020957
1 43437U 18039A   18263.77175727 -.00000014 +00000-0 +12084-4 0  9990
2 43437 098.6316 329.4867 0001112 093.8851 266.2457 14.26734676021094
1 43437U 18039A   18264.75357692 -.00000011 +00000-0 +13583-4 0  9994
2 43437 098.6315 330.4550 0001114 094.4264 265.7043 14.26734721021233
1 43437U 18039A   18265.59513655 -.00000010 +00000-0 +13936-4 0  9991
2 43437 098.6315 331.2850 0001108 094.8119 265.3188 14.26734781021356
1 43437U 18039A   18265.80552648 -.00000013 +00000-0 +12664-4 0  9990
2 43437 098.6314 331.4925 0001109 094.6371 265.4937 14.26734766021388
1 43437U 18039A   18266.29643622 -.00000007 +00000-0 +15092-4 0  9998
2 43437 098.6313 331.9766 0001099 094.6877 265.4429 14.26734837021457
1 43437U 18039A   18266.78734599 -.00000005 +00000-0 +15935-4 0  9990
2 43437 098.6313 332.4608 0001105 094.7721 265.3586 14.26734882021526
1 43437U 18039A   18267.27825575 +.00000001 +00000-0 +18292-4 0  9994
2 43437 098.6312 332.9449 0001105 094.7638 265.3669 14.26734937021590
1 43437U 18039A   18267.83929546 +.00000004 +00000-0 +19643-4 0  9993
2 43437 098.6311 333.4983 0001107 094.8675 265.2632 14.26734972021679
1 43437U 18039A   18268.82111489 +.00000005 +00000-0 +20150-4 0  9998
2 43437 098.6309 334.4666 0001105 094.9647 265.1659 14.26735049021813
1 43437U 18039A   18269.24189461 +.00000003 +00000-0 +19263-4 0  9991
2 43437 098.6308 334.8815 0001102 095.2770 264.8537 14.26735085021877
1 43437U 18039A   18269.80293423 -.00000001 +00000-0 +17588-4 0  9994
2 43437 098.6307 335.4348 0001095 095.2596 264.8709 14.26735116021956
1 43437U 18039A   18270.15358398 -.00000002  00000-0  17405-4 0  9996
2 43437  98.6306 335.7806 0001092  95.3791 264.7514 14.26735153 22003
1 43437U 18039A   18270.78475352 -.00000005 +00000-0 +15924-4 0  9992
2 43437 098.6305 336.4030 0001085 095.4244 264.7060 14.26735192022093
1 43437U 18039A   18271.20553318 -.00000003  00000-0  16887-4 0  9996
2 43437  98.6305 336.8180 0001076  95.1524 264.9779 14.26735250 22152
1 43437U 18039A   18271.83670265 +.00000002 +00000-0 +18842-4 0  9997
2 43437 098.6304 337.4404 0001081 095.2794 264.8510 14.26735322022245
1 43437U 18039A   18272.81852178 -.00000002  00000-0  17302-4 0  9992
2 43437  98.6302 338.4086 0001075  95.5425 264.5878 14.26735406 22389
1 43437U 18039A   18273.80034084 -.00000010 +00000-0 +13758-4 0  9990
2 43437 098.6301 339.3768 0001071 095.7370 264.3933 14.26735484022524
1 43437U 18039A   18274.15099054 -.00000014  00000-0  12284-4 0  9994
2 43437  98.6301 339.7226 0001072  95.8631 264.2672 14.26735496 22576
1 43437U 18039A   18274.29125040 -.00000015 +00000-0 +11965-4 0  9990
2 43437 098.6301 339.8609 0001072 095.8278 264.3024 14.26735505022594
1 43437U 18039A   18274.78215992 -.00000015 +00000-0 +12021-4 0  9994
2 43437 098.6300 340.3450 0001080 095.9306 264.1997 14.26735553022664
1 43437U 18039A   18275.20293953 -.00000015  00000-0  11980-4 0  9998
2 43437  98.6299 340.7599 0001081  95.8996 264.2308 14.26735584 22722
1 43437U 18039A   18275.62371912 -.00000013 +00000-0 +12850-4 0  9991
2 43437 098.6299 341.1748 0001087 096.0371 264.0933 14.26735622022780
1 43437U 18039A   18276.18475855 -.00000015 +00000-0 +11814-4 0  9995
2 43437 098.6298 341.7280 0001086 096.1009 264.0295 14.26735638022861
1 43437U 18039A   18276.67566804 -.00000016  00000-0  11292-4 0  9995
2 43437  98.6298 342.2121 0001090  96.3067 263.8238 14.26735672 22932
1 43437U 18039A   18277.72761688 -.00000018  00000-0  10705-4 0  9999
2 43437  98.6296 343.2493 0001077  96.7960 263.3343 14.26735741 23080
1 43437U 18039A   18278.77956577 -.00000014  00000-0  12199-4 0  9993
2 43437  98.6295 344.2865 0001074  96.8472 263.2830 14.26735795 23235
1 43437U 18039A   18279.83151463 -.00000007 +00000-0 +15343-4 0  9998
2 43437 098.6294 345.3236 0001078 097.0143 263.1160 14.26735853023386
1 43437U 18039A   18280.81333344 -.00000001 +00000-0 +17776-4 0  9994
2 43437 098.6292 346.2917 0001071 097.3755 262.7547 14.26735944023526
1 43437U 18039A   18281.30424283  .00000003  00000-0  19114-4 0  9991
2 43437  98.6292 346.7756 0001067  97.5594 262.5707 14.26736003 23590
1 43437U 18039A   18281.79515220 +.00000003 +00000-0 +19368-4 0  9997
2 43437 098.6291 347.2597 0001066 097.4829 262.6473 14.26736050023668
1 43437U 18039A   18282.77697095  .00000008  00000-0  21315-4 0  9997
2 43437  98.6289 348.2277 0001069  97.5379 262.5923 14.26736146 23806
1 43437U 18039A   18283.19775038 +.00000010 +00000-0 +22374-4 0  9997
2 43437 098.6289 348.6425 0001067 097.6027 262.5275 14.26736194023863
1 43437U 18039A   18283.75878961 +.00000011 +00000-0 +22663-4 0  9990
2 43437 098.6288 349.1957 0001067 097.6115 262.5187 14.26736238023946
1 43437U 18039A   18284.17956898  .00000009  00000-0  21866-4 0  9994
2 43437  98.6287 349.6106 0001056  97.7364 262.3936 14.26736272 24007
1 43437U 18039A   18284.60034835 +.00000007 +00000-0 +20801-4 0  9996
2 43437 098.6286 350.0254 0001057 098.0069 262.1232 14.26736316024065
1 43437U 18039A   18284.81073802 +.00000006 +00000-0 +20490-4 0  9999
2 43437 098.6286 350.2328 0001056 097.8677 262.2623 14.26736329024092
1 43437U 18039A   18285.30164725  .00000004  00000-0  19678-4 0  9993
2 43437  98.6285 350.7168 0001054  98.1446 261.9854 14.26736387 24168
1 43437U 18039A   18285.58216680 +.00000004 +00000-0 +19514-4 0  9990
2 43437 098.6285 350.9934 0001057 098.3705 261.7596 14.26736434024203
1 43437U 18039A   18285.79255647 +.00000002 +00000-0 +18768-4 0  9997
2 43437 098.6284 351.2008 0001054 098.1949 261.9351 14.26736442024236
1 43437U 18039A   18286.28346567 +.00000003 +00000-0 +19222-4 0  9991
2 43437 098.6283 351.6848 0001053 098.3729 261.7571 14.26736506024309
1 43437U 18039A   18286.84450477  .00000000  00000-0  18075-4 0  9991
2 43437  98.6282 352.2379 0001055  98.6085 261.5215 14.26736539 24381
1 43437U 18039A   18287.61593348 -.00000001 +00000-0 +17533-4 0  9992
2 43437 098.6281 352.9984 0001056 099.0503 261.0797 14.26736619024491
1 43437U 18039A   18288.17697250 -.00000003  00000-0  16866-4 0  9991
2 43437  98.6280 353.5515 0001054  98.9659 261.1641 14.26736668 24577
1 43437U 18039A   18288.80813596 -.00000010  00000-0  14082-4 0  9990
2 43437  98.6280 354.1737 0001000  97.0441 263.0853 14.26747856 24667
1 43437U 18039A   18289.78994643  .00087572  00000-0  35532-1 0  9998
2 43437  98.6158 355.1436 0005421  52.6187 307.8097 14.27037580 24803
1 43437U 18039A   18290.21055431 -.00000013  00000-0  12657-4 0  9993
2 43437  98.6278 355.5567 0001117 184.7047 175.4124 14.27058738 24869
1 43437U 18039A   18290.84158106 -.00000012 +00000-0 +13193-4 0  9990
2 43437 098.6278 356.1791 0001163 183.0887 177.0287 14.27058583024956
1 43437U 18039A   18291.82317817 -.00000029  00000-0  60979-5 0  9998
2 43437  98.6278 357.1473 0001217 180.8749 179.2430 14.27058596 25090
1 43437U 18039A   18292.59443302 -.00000021 +00000-0 +92671-5 0  9998
2 43437 098.6277 357.9080 0001269 178.8896 181.2288 14.27058663025200
1 43437U 18039A   18292.80477524 -.00000019 +00000-0 +10199-4 0  9996
2 43437 098.6276 358.1154 0001277 178.3952 181.7233 14.27058674025231
1 43437U 18039A   18293.15534563 -.00000019  00000-0  10296-4 0  9990
2 43437  98.6276 358.4612 0001298 177.6076 182.5111 14.27058697 25289
1 43437U 18039A   18293.78637230 -.00000010 +00000-0 +13957-4 0  9992
2 43437 098.6275 359.0836 0001335 175.8132 184.3060 14.27058777025370
1 43437U 18039A   18294.20705671 -.00000000  00000-0  17864-4 0  9995
2 43437  98.6275 359.4984 0001361 174.8715 185.2480 14.27058855 25433
1 43437U 18039A   18294.27717076 +.00000004 +00000-0 +19528-4 0  9996
2 43437 098.6275 359.5675 0001361 174.8383 185.2812 14.27058881025441
1 43437U 18039A   18294.83808333 +.00000006 +00000-0 +20247-4 0  9997
2 43437 098.6274 000.1208 0001393 173.4210 186.6989 14.27058913025525
1 43437U 18039A   18295.81968027  .00000008  00000-0  21254-4 0  9994
2 43437  98.6273   1.0889 0001447 171.2369 188.8837 14.27058995 25661
1 43437U 18039A   18296.24036465 +.00000008 +00000-0 +21165-4 0  9995
2 43437 098.6272 001.5038 0001471 170.4127 189.7082 14.27059036025727
1 43437U 18039A   18297.22196151 +.00000007 +00000-0 +21005-4 0  9995
2 43437 098.6270 002.4718 0001525 168.2523 191.8694 14.27059126025863
1 43437U 18039A   18298.83357261 +.00000014 +00000-0 +23178-4 0  9995
2 43437 098.6267 004.0635 0004005 263.1880 096.8845 14.28046266026092
1 43437U 18039A   18299.46416316  .00000016  00000-0  23952-4 0  9994
2 43437  98.6266   4.6864 0004016 260.7431  99.3296 14.28046337 26185
1 43437U 18039A   18299.81449124 +.00000008 +00000-0 +21052-4 0  9996
2 43437 098.6265 005.0324 0004029 259.5963 100.4764 14.28046350026235
1 43437U 18039A   18300.79540981  .00000002  00000-0  18515-4 0  9993
2 43437  98.6263   6.0013 0004057 255.8415 104.2316 14.28046452 26374
1 43437U 18039A   18301.56613154 +.00000005 +00000-0 +19600-4 0  9991
2 43437 098.6262 006.7626 0004072 252.9914 107.0821 14.28046559026481
1 43437U 18039A   18301.77632837 -.00000000 +00000-0 +17611-4 0  9999
2 43437 098.6262 006.9702 0004081 252.2606 107.8130 14.28046556026511
1 43437U 18039A   18302.19672202  .00000001  00000-0  17930-4 0  9990
2 43437  98.6261   7.3854 0004094 250.7357 109.3382 14.28046605 26570
1 43437U 18039A   18302.61711569 -.00000002 +00000-0 +16732-4 0  9998
2 43437 098.6261 007.8006 0004103 249.1778 110.8964 14.28046635026637
1 43437U 18039A   18302.75724690 -.00000003 +00000-0 +16494-4 0  9998
2 43437 098.6261 007.9390 0004107 248.6886 111.3857 14.28046641026658
1 43437U 18039A   18303.59803001 -.00000008 +00000-0 +14410-4 0  9996
2 43437 098.6260 008.7691 0004193 245.3023 114.7722 14.28052571026772
1 43437U 18039A   18303.87829111 -.00000010  00000-0  13727-4 0  9990
2 43437  98.6260   9.0463 0004177 244.8879 115.1869 14.28052928 26816
1 43437U 18039A   18303.94835641 -.00000010 +00000-0 +13749-4 0  9997
2 43437 098.6259 009.1155 0004180 244.6457 115.4292 14.28052930026824
1 43437U 18039A   18304.78914003 +.00000026 +00000-0 +28079-4 0  9998
2 43437 098.6258 009.9459 0004195 241.5303 118.5456 14.28053113026943
1 43437U 18039A   18305.20953180  .00000027  00000-0  28519-4 0  9995
2 43437  98.6258  10.3611 0004210 239.9511 120.1253 14.28053193 27009
1 43437U 18039A   18305.84011953 +.00000027 +00000-0 +28663-4 0  9998
2 43437 098.6257 010.9840 0004231 237.8200 122.2572 14.28053204027092
1 43437U 18039A   18306.26051135 -.00000021  00000-0  91758-5 0  9992
2 43437  98.6257  11.3992 0004251 236.3044 123.7732 14.28053113 27157
1 43437U 18039A   18306.82103377 -.00000030 +00000-0 +53893-5 0  9998
2 43437 098.6256 011.9528 0004272 234.3691 125.7093 14.28053087027237
1 43437U 18039A   18307.52168677 -.00000021  00000-0  92458-5 0  9990
2 43437  98.6255  12.6448 0004303 231.8658 128.2135 14.28053163 27336
1 43437U 18039A   18307.80194798 -.00000021 +00000-0 +90116-5 0  9993
2 43437 098.6255 012.9216 0004314 230.9060 129.1738 14.28053172027374
1 43437U 18039A   18308.85292700 -.00000009  00000-0  14078-4 0  9999
2 43437  98.6254  13.9598 0004341 227.1750 132.9067 14.28054202 27520
1 43437U 18039A   18308.92299224 -.00000008 +00000-0 +14295-4 0  9995
2 43437 098.6254 014.0290 0004352 226.8440 133.2378 14.28054190027531
1 43437U 18039A   18309.76377546 -.00000001 +00000-0 +17178-4 0  9998
2 43437 098.6252 014.8592 0004381 223.8591 136.2243 14.28054074027656
1 43437U 18039A   18310.18416746 -.00000028  00000-0  64452-5 0  9999
2 43437  98.6251  15.2744 0004407 222.8036 137.2803 14.28053711 27718
1 43437U 18039A   18310.53449385 -.00000027 +00000-0 +67462-5 0  9996
2 43437 098.6251 015.6203 0004426 221.4614 138.6232 14.28053722027768
1 43437U 18039A   18310.81475509 -.00000124 +00000-0 -32265-4 0  9995
2 43437 098.6252 015.8968 0004395 221.4889 138.5959 14.28053391027800
1 43437U 18039A   18311.37527738 -.00000109  00000-0 -26405-4 0  9991
2 43437  98.6251  16.4504 0004427 219.8372 140.2485 14.28053377 27882
1 43437U 18039A   18311.58547326 -.00000106 +00000-0 -25122-4 0  9991
2 43437 098.6250 016.6579 0004439 219.1617 140.9243 14.28053368027916
1 43437U 18039A   18311.93579964 -.00000075 +00000-0 -12517-4 0  9992
2 43437 098.6250 017.0039 0004459 217.8133 142.2735 14.28053495027969
1 43437U 18039A   18312.56638710 -.00000056 +00000-0 -49747-5 0  9992
2 43437 098.6249 017.6266 0004499 215.8620 144.2259 14.28053582028059
1 43437U 18039A   18312.77658304 -.00000032  00000-0  45935-5 0  9994
2 43437  98.6247  17.8345 0004553 214.2965 145.7923 14.28053677 28085
1 43437U 18039A   18313.75749690 -.00000018 +00000-0 +10573-4 0  9995
2 43437 098.6245 018.8032 0004602 211.2871 148.8037 14.28053799028226
1 43437U 18039A   18314.17788846  .00000008  00000-0  20917-4 0  9999
2 43437  98.6245  19.2183 0004634 210.0185 150.0731 14.28053954 28283
1 43437U 18039A   18314.94860641 +.00000008 +00000-0 +20696-4 0  9992
2 43437 098.6243 019.9794 0004676 207.5947 152.4986 14.28054034028399
1 43437U 18039A   18315.71932428 +.00000013 +00000-0 +23069-4 0  9994
2 43437 098.6242 020.7405 0004708 205.1686 154.9267 14.28054217028502
1 43437U 18039A   18316.13971584 +.00000014 +00000-0 +23286-4 0  9999
2 43437 098.6241 021.1556 0004732 203.8593 156.2369 14.28054272028567
1 43437U 18039A   18317.19069480  .00000007  00000-0  20520-4 0  9999
2 43437  98.6240  22.1934 0004782 200.4830 159.6160 14.28054352 28711
1 43437U 18039A   18317.61108636 +.00000004 +00000-0 +19339-4 0  9996
2 43437 098.6239 022.6086 0004806 199.1035 160.9966 14.28054387028773
1 43437U 18039A   18317.82128213 +.00000000 +00000-0 +17727-4 0  9997
2 43437 098.6239 022.8161 0004818 198.5380 161.5627 14.28054369028803
1 43437U 18039A   18318.24167365 -.00000001  00000-0  17193-4 0  9994
2 43437  98.6239  23.2312 0004844 197.3006 162.8011 14.28054416 28867
1 43437U 18039A   18318.80219570 -.00000007 +00000-0 +14890-4 0  9999
2 43437 098.6238 023.7847 0004873 195.6616 164.4415 14.28054440028946
1 43437U 18039A   18319.57291347 -.00000006 +00000-0 +15274-4 0  9992
2 43437 098.6237 024.5458 0004919 193.3265 166.7787 14.28054537029055
1 43437U 18039A   18319.78310920 -.00000004  00000-0  15867-4 0  9990
2 43437  98.6237  24.7534 0004930 192.6730 167.4328 14.28054569 29081
1 43437U 18039A   18319.78310920 -.00000004 +00000-0 +15867-4 0  9990
2 43437 098.6237 024.7534 0004930 192.6730 167.4328 14.28054569029081
1 43437U 18039A   18320.55382694 -.00000005 +00000-0 +15715-4 0  9997
2 43437 098.6237 025.5144 0004985 190.2930 169.8150 14.28054635029198
1 43437U 18039A   18320.76402269 -.00000006 +00000-0 +15358-4 0  9995
2 43437 098.6237 025.7219 0004993 189.7091 170.3994 14.28054641029227
1 43437U 18039A   18321.18441416 -.00000005  00000-0  15796-4 0  9994
2 43437  98.6237  26.1370 0005015 188.5657 171.5439 14.28054679 29285
1 43437U 18039A   18321.60480559 +.00000001 +00000-0 +17935-4 0  9994
2 43437 098.6236 026.5521 0005048 187.4083 172.7025 14.28054739029341
1 43437U 18039A   18321.81500132 -.00000000 +00000-0 +17588-4 0  9991
2 43437 098.6236 026.7597 0005058 186.8375 173.2738 14.28054738029373
1 43437U 18039A   18322.86598003 -.00000007 +00000-0 +14678-4 0  9995
2 43437 098.6235 027.7974 0005121 183.7367 176.3776 14.28054781029521
1 43437U 18039A   18323.77682825 -.00000007 +00000-0 +14704-4 0  9992
2 43437 098.6234 028.6969 0005156 181.1123 179.0048 14.28054848029654
1 43437U 18039A   18324.19721967 -.00000004  00000-0  16103-4 0  9992
2 43437  98.6233  29.1120 0005177 180.0050 180.1132 14.28054896 29715
1 43437U 18039A   18324.61761111 -.00000001 +00000-0 +17428-4 0  9992
2 43437 098.6233 029.5271 0005202 178.7910 181.3284 14.28054936029776
1 43437U 18039A   18325.24819825 -.00117556  00000-0 -49284-1 0  9995
2 43437  98.6213  30.1513 0002293 101.8634 255.6093 14.26840825 29869
1 43437U 18039A   18325.80969988  .00000002  00000-0  18924-4 0  9998
2 43437  98.6238  30.7011 0001454 103.4924 256.6419 14.26879152 29940
1 43437U 18039A   18326.79142160 -.00000008 +00000-0 +14487-4 0  9999
2 43437 098.6232 031.6693 0001640 091.5537 268.5832 14.26879211030088
1 43437U 18039A   18327.21217678 -.00000013  00000-0  12723-4 0  9991
2 43437  98.6233  32.0842 0001391  98.4512 261.6826 14.26810378 30145
1 43437U 18039A   18327.77318779 -.00000010 +00000-0 +13877-4 0  9994
2 43437 098.6229 032.6366 0001369 096.0658 264.0678 14.26808527030221
1 43437U 18039A   18328.19396820 -.00000008  00000-0  14527-4 0  9994
2 43437  98.6229  33.0513 0001666  85.2632 274.8739 14.26718001 30282
1 43437U 18039A   18328.61475315 -.00000008 +00000-0 +14668-4 0  9994
2 43437 098.6228 033.4657 0001655 085.1974 274.9396 14.26717565030341
1 43437U 18039A   18328.75501477 -.00000008 +00000-0 +14555-4 0  9993
2 43437 098.6228 033.6041 0001648 083.9623 276.1746 14.26717718030364
1 43437U 18039A   18329.52645336 -.00000013  00000-0  12832-4 0  9994
2 43437  98.6227  34.3640 0001606  83.7318 276.4045 14.26718074 30472
1 43437U 18039A   18329.59658414 -.00000013 +00000-0 +12623-4 0  9990
2 43437 098.6227 034.4330 0001605 083.6638 276.4725 14.26718101030489
1 43437U 18039A   18329.80697658 -.00000015 +00000-0 +11987-4 0  9991
2 43437 098.6226 034.6403 0001600 083.2537 276.8826 14.26718032030513
1 43437U 18039A   18330.57841532 -.00000019  00000-0  10256-4 0  9991
2 43437  98.6225  35.4002 0001590  82.7004 277.4357 14.26718099 30628
1 43437U 18039A   18330.57841532 -.00000019 +00000-0 +10256-4 0  9991
2 43437 098.6225 035.4002 0001590 082.7004 277.4357 14.26718099030628
1 43437U 18039A   18331.63037710  .00000003  00000-0  19233-4 0  9990
2 43437  98.6224  36.4366 0001549  80.0507 280.0848 14.26718260 30775
1 43437U 18039A   18332.19141159  .00000002  00000-0  18683-4 0  9992
2 43437  98.6225  36.9896 0001469  81.0390 279.0956 14.26738153 30851
1 43437U 18039A   18333.52387778 -.00000008  00000-0  14884-4 0  9995
2 43437  98.6220  38.3021 0001486  81.1107 279.0241 14.26738350 31046
1 43437U 18039A   18333.80439685 +.00000142 +00000-0 +76638-4 0  9994
2 43437 098.6220 038.5785 0001477 080.9412 279.1935 14.26738724031081
1 43437U 18039A   18334.78621399  .00000019  00000-0  26015-4 0  9994
2 43437  98.6221  39.5457 0001467  80.0129 280.1217 14.26738615 31224
1 43437U 18039A   18335.76803107 -.00000002 +00000-0 +17195-4 0  9994
2 43437 098.6220 040.5129 0001442 078.8392 281.2950 14.26738627031365
1 43437U 18039A   18336.18880978  .00000005  00000-0  19896-4 0  9994
2 43437  98.6219  40.9275 0001426  78.3366 281.7974 14.26738682 31426
1 43437U 18039A   18336.81997785 -.00000003 +00000-0 +16712-4 0  9992
2 43437 098.6219 041.5492 0001412 077.9094 282.2244 14.26738686031512
1 43437U 18039A   18337.80179483 -.00000012  00000-0  13134-4 0  9994
2 43437  98.6218  42.5165 0001398  78.0430 282.0907 14.26738726 31652
1 43437U 18039A   18338.64335217 -.00000001 +00000-0 +17497-4 0  9990
2 43437 098.6217 043.3454 0001382 077.3137 282.8198 14.26738862031774
1 43437U 18039A   18339.20439038  .00000004  00000-0  19685-4 0  9992
2 43437  98.6216  43.8981 0001369  76.7658 283.3675 14.26738921 31850
1 43437U 18039A   18339.62516903 +.00000008 +00000-0 +21501-4 0  9999
2 43437 098.6216 044.3125 0001357 076.8664 283.2668 14.26738961031913
1 43437U 18039A   18340.81737519 +.00000009 +00000-0 +21560-4 0  9996
2 43437 098.6213 045.4870 0001337 075.8548 284.2781 14.26739033032084
1 43437U 18039A   18341.23815376  .00000011  00000-0  22602-4 0  9992
2 43437  98.6213  45.9015 0001324  75.7232 284.4095 14.26739101 32148
1 43437U 18039A   18341.79919187 +.00000006 +00000-0 +20615-4 0  9994
2 43437 098.6211 046.4541 0001312 075.4977 284.6349 14.26739137032228
1 43437U 18039A   18342.78100854  .00000006  00000-0  20409-4 0  9998
2 43437  98.6210  47.4212 0001294  74.8411 285.2912 14.26739232 32362
1 43437U 18039A   18343.76282513 +.00000009 +00000-0 +21626-4 0  9995
2 43437 098.6208 048.3883 0001273 074.0388 286.0933 14.26739338032500
1 43437U 18039A   18344.18360363  .00000008  00000-0  21391-4 0  9990
2 43437  98.6207  48.8028 0001262  73.3474 286.7845 14.26739385 32568
1 43437U 18039A   18344.60438208 +.00000016 +00000-0 +24522-4 0  9999
2 43437 098.6206 049.2172 0001254 072.9453 287.1865 14.26739488032623
1 43437U 18039A   18345.30567946  .00000016  00000-0  24595-4 0  9999
2 43437  98.6205  49.9080 0001237  72.4798 287.6518 14.26739589 32728
1 43437U 18039A   18346.56801476  .00000004  00000-0  19790-4 0  9995
2 43437  98.6203  51.1513 0001215  72.1206 288.0107 14.26739707 32900
1 43437U 18039A   18347.76022492  .00000002  00000-0  18953-4 0  9999
2 43437  98.6319  52.3290 0001180  74.1897 285.9413 14.26733696 33078
1 43437U 18039A   18348.81217521 -.00000005  00000-0  16008-4 0  9998
2 43437  98.6315  53.3665 0001171  68.7734 291.3571 14.26733797 33225
1 43437U 18039A   18349.79399527 -.00000008 +00000-0 +14895-4 0  9998
2 43437 098.6316 054.3349 0001130 068.8926 291.2375 14.26733881033365
1 43437U 18039A   18350.14464532 -.00000008  00000-0  14791-4 0  9993
2 43437  98.6316  54.6807 0001122  69.1002 291.0299 14.26733913 33412
1 43437U 18039A   18350.77581542 -.00000014 +00000-0 +12232-4 0  9998
2 43437 098.6315 055.3031 0001109 068.7356 291.3943 14.26733925033502
1 43437U 18039A   18351.19659545 -.00000011  00000-0  13669-4 0  9996
2 43437  98.6315  55.7181 0001096  68.4509 291.6788 14.26733966 33565
1 43437U 18039A   18351.75763552 -.00000013 +00000-0 +12656-4 0  9999
2 43437 098.6314 056.2714 0001082 068.0646 292.0649 14.26733975033645
1 43437U 18039A   18352.52906553 -.00000012  00000-0  13174-4 0  9990
2 43437  98.6314  57.0322 0001053  67.7479 292.3813 14.26734028 33755
1 43437U 18039A   18352.80958554 -.00000013 +00000-0 +12640-4 0  9997
2 43437 098.6313 057.3088 0001045 067.5484 292.5807 14.26734035033798
1 43437U 18039A   18353.58101548 -.00000007 +00000-0 +15131-4 0  9997
2 43437 098.6312 058.0696 0001018 067.4947 292.6341 14.26734142033909
1 43437U 18039A   18353.79140547 -.00000006  00000-0  15745-4 0  9992
2 43437  98.6312  58.2770 0001014  67.4570 292.6718 14.26734163 33936
1 43437U 18039A   18354.28231543 +.00000002 +00000-0 +19049-4 0  9990
2 43437 098.6311 058.7611 0000995 067.3805 292.7480 14.26734228034009
1 43437U 18039A   18354.84335537 +.00000010 +00000-0 +22349-4 0  9996
2 43437 098.6310 059.3144 0000985 067.4740 292.6545 14.26734299034081
1 43437U 18039A   18355.19400539  .00000008  00000-0  21552-4 0  9992
2 43437  98.6309  59.6602 0000980  66.2562 293.8722 14.26734315 34130
1 43437U 18039A   18355.68491533 +.00000010 +00000-0 +22139-4 0  9995
2 43437 098.6309 060.1443 0000968 066.3117 293.8165 14.26734357034208
1 43437U 18039A   18356.59660515 +.00000006 +00000-0 +20553-4 0  9997
2 43437 098.6307 061.0433 0000943 066.6019 293.5261 14.26734423034334
1 43437U 18039A   18356.80699510  .00000004  00000-0  19600-4 0  9997
2 43437  98.6306  61.2508 0000936  66.4328 293.6951 14.26734420 34368
1 43437U 18039A   18357.78881485 -.00000001 +00000-0 +17710-4 0  9997
2 43437 098.6305 062.2189 0000910 066.5951 293.5325 14.26734500034507
1 43437U 18039A   18358.20959468  .00000002  00000-0  18828-4 0  9993
2 43437  98.6304  62.6339 0000891  66.4560 293.6714 14.26734559 34563
1 43437U 18039A   18358.77063451 +.00000002 +00000-0 +18938-4 0  9995
2 43437 098.6303 063.1871 0000881 066.5468 293.5805 14.26734602034644
1 43437U 18039A   18359.54206416  .00000005  00000-0  20065-4 0  9998
2 43437  98.6302  63.9478 0000850  66.3442 293.7828 14.26734688 34753
1 43437U 18039A   18359.82258403 +.00000003 +00000-0 +19323-4 0  9995
2 43437 098.6302 064.2244 0000843 066.2978 293.8290 14.26734705034791
1 43437U 18039A   18360.80440351 -.00000007  00000-0  15283-4 0  9996
2 43437  98.6300  65.1925 0000808  66.5724 293.5542 14.26734782 34936
1 43437U 18039A   18361.57583310 -.00000014 +00000-0 +12429-4 0  9991
2 43437 098.6299 065.9531 0000784 067.6271 292.4992 14.26734842035043
1 43437U 18039A   18361.78622297 -.00000014 +00000-0 +12072-4 0  9996
2 43437 098.6299 066.1606 0000781 067.5643 292.5620 14.26734859035078
1 43437U 18039A   18362.20700272 -.00000013  00000-0  12619-4 0  9990
2 43437  98.6298  66.5755 0000765  67.5452 292.5809 14.26734907 35136
1 43437U 18039A   18362.76804240 -.00000013 +00000-0 +12725-4 0  9999
2 43437 098.6298 067.1286 0000752 067.8647 292.2613 14.26734944035217
1 43437U 18039A   18363.53947191 -.00000012  00000-0  12909-4 0  9991
2 43437  98.6297  67.8893 0000730  68.8409 291.2849 14.26735007 35323
1 43437U 18039A   18363.60960185 -.00000012 +00000-0 +13179-4 0  9997
2 43437 098.6297 067.9584 0000725 069.3180 290.8078 14.26735021035333
1 43437U 18039A   18363.81999170 -.00000010 +00000-0 +13728-4 0  9994
2 43437 098.6297 068.1659 0000722 069.5632 290.5626 14.26735038035367
1 43437U 18039A   18364.31090137 -.00000011 +00000-0 +13479-4 0  9999
2 43437 098.6296 068.6500 0000709 069.4410 290.6847 14.26735083035438
1 43437U 18039A   18364.80181102 -.00000016  00000-0  11556-4 0  9995
2 43437  98.6295  69.1340 0000693  69.4480 290.6775 14.26735102 35504