1 41335U 16011A   18244.20583811 -.00000045  00000-0 -56250-6 0  9997
2 41335  98.6338 310.3121 0001006  94.2085 265.9210 14.26732861132248
1 41335U 16011A   18244.48635826 -.00000005  00000-0  16091-4 0  9993
2 41335  98.6338 310.5888 0000997  94.5739 265.5555 14.26732990132282
1 41335U 16011A   18244.83700852 -.00000010  00000-0  14105-4 0  9994
2 41335  98.6337 310.9348 0000994  94.7384 265.3910 14.26732997132337
1 41335U 16011A   18244.90713857 -.00000010 +00000-0 +13909-4 0  9992
2 41335 098.6337 311.0040 0000993 094.7841 265.3453 14.26732997132348
1 41335U 16011A   18245.18765876 -.00000011  00000-0  13719-4 0  9991
2 41335  98.6337 311.2807 0000988  94.9371 265.1922 14.26733033132380
1 41335U 16011A   18245.46817897 -.00000013  00000-0  12600-4 0  9993
2 41335  98.6337 311.5575 0000993  95.1365 264.9929 14.26733033132426
1 41335U 16011A   18245.81882922 -.00000025  00000-0  79346-5 0  9997
2 41335  98.6336 311.9034 0000989  95.3438 264.7855 14.26733021132475
1 41335U 16011A   18245.88895927 -.00000025 +00000-0 +76824-5 0  9991
2 41335 098.6336 311.9726 0000988 095.4194 264.7099 14.26733016132487
1 41335U 16011A   18246.16947945 -.00000023  00000-0  84655-5 0  9990
2 41335  98.6336 312.2493 0000984  95.6212 264.5080 14.26733056132528
1 41335U 16011A   18246.52012969 -.00000030  00000-0  58082-5 0  9992
2 41335  98.6336 312.5953 0000986  95.9900 264.1393 14.26733053132576
1 41335U 16011A   18246.87077994 -.00000035  00000-0  36091-5 0  9990
2 41335  98.6335 312.9412 0000983  96.0010 264.1282 14.26733045132624
1 41335U 16011A   18246.94090998 -.00000033 +00000-0 +42975-5 0  9993
2 41335 098.6335 313.0104 0000983 096.1169 264.0124 14.26733053132634
1 41335U 16011A   18247.22143016 -.00000028  00000-0  66079-5 0  9990
2 41335  98.6335 313.2871 0000979  96.3059 263.8233 14.26733102132679
1 41335U 16011A   18247.50195038 -.00000031  00000-0  53773-5 0  9993
2 41335  98.6335 313.5638 0000985  96.4416 263.6877 14.26733093132714
1 41335U 16011A   18247.85260062 -.00000029  00000-0  61644-5 0  9994
2 41335  98.6334 313.9098 0000986  96.6019 263.5274 14.26733111132765
1 41335U 16011A   18247.92273067 -.00000024 +00000-0 +82175-5 0  9998
2 41335 098.6334 313.9789 0000988 096.6676 263.4616 14.26733127132770
1 41335U 16011A   18248.20325085 -.00000014  00000-0  12205-4 0  9993
2 41335  98.6334 314.2557 0000987  96.8110 263.3182 14.26733192132815
1 41335U 16011A   18248.48377105 -.00000010  00000-0  13942-4 0  9998
2 41335  98.6334 314.5324 0000992  96.9081 263.2212 14.26733207132858
1 41335U 16011A   18248.83442128 -.00000013  00000-0  12495-4 0  9990
2 41335  98.6333 314.8783 0000991  97.1858 262.9435 14.26733203132908
1 41335U 16011A   18249.18507149 -.00000006  00000-0  15484-4 0  9997
2 41335  98.6333 315.2242 0000989  97.4112 262.7181 14.26733258132957
1 41335U 16011A   18249.39546163 -.00000006  00000-0  15570-4 0  9995
2 41335  98.6333 315.4318 0000992  97.5592 262.5702 14.26733260132983
1 41335U 16011A   18249.60585176 -.00000013 +00000-0 +12796-4 0  9991
2 41335 098.6332 315.6393 0000991 097.8248 262.3045 14.26733262133012
1 41335U 16011A   18249.81624189 -.00000015  00000-0  11727-4 0  9997
2 41335  98.6332 315.8469 0000988  97.8335 262.2958 14.26733252133045
1 41335U 16011A   18249.88637193 -.00000016 +00000-0 +11605-4 0  9999
2 41335 098.6332 315.9160 0000988 097.9104 262.2188 14.26733249133051
1 41335U 16011A   18250.16689208 -.00000012  00000-0  12992-4 0  9992
2 41335  98.6332 316.1928 0000984  98.1672 261.9620 14.26733290133092
1 41335U 16011A   18250.44741225 -.00000015  00000-0  11711-4 0  9992
2 41335  98.6332 316.4695 0000986  98.4521 261.6771 14.26733289133131
1 41335U 16011A   18250.58767233 -.00000019 +00000-0 +10039-4 0  9990
2 41335 098.6331 316.6079 0000984 098.5792 261.5500 14.26733296133156
1 41335U 16011A   18250.79806245 -.00000023  00000-0  84397-5 0  9994
2 41335  98.6331 316.8154 0000981  98.5534 261.5758 14.26733285133189
1 41335U 16011A   18250.93832253 -.00000021 +00000-0 +94263-5 0  9999
2 41335 098.6331 316.9537 0000982 098.6984 261.4308 14.26733289133203
1 41335U 16011A   18251.21884270 -.00000017  00000-0  10911-4 0  9999
2 41335  98.6331 317.2305 0000981  98.8124 261.3168 14.26733328133248
1 41335U 16011A   18251.49936287 -.00000017  00000-0  11242-4 0  9993
2 41335  98.6331 317.5072 0000984  98.9959 261.1332 14.26733331133281
1 41335U 16011A   18251.56949291 -.00000017 +00000-0 +10984-4 0  9992
2 41335 098.6331 317.5764 0000984 099.1223 261.0069 14.26733340133293
1 41335U 16011A   18251.77988304 -.00000018  00000-0  10469-4 0  9992
2 41335  98.6330 317.7839 0000985  98.9350 261.1942 14.26733340133321
1 41335U 16011A   18251.92014312 -.00000014 +00000-0 +12420-4 0  9993
2 41335 098.6330 317.9223 0000986 099.0342 261.0950 14.26733351133346
1 41335U 16011A   18252.20066326 -.00000007  00000-0  15040-4 0  9990
2 41335  98.6330 318.1990 0000985  99.2468 260.8824 14.26733398133382
1 41335U 16011A   18252.48118342 -.00000002  00000-0  17333-4 0  9998
2 41335  98.6329 318.4757 0000990  99.3871 260.7421 14.26733418133429
1 41335U 16011A   18252.83183359  .00000001  00000-0  18455-4 0  9991
2 41335  98.6329 318.8216 0000989  99.5096 260.6196 14.26733446133476
1 41335U 16011A   18252.90196363 +.00000002 +00000-0 +18945-4 0  9993
2 41335 098.6329 318.8908 0000989 099.5795 260.5498 14.26733448133487
1 41335U 16011A   18253.18248374  .00000009  00000-0  21650-4 0  9998
2 41335  98.6328 319.1675 0000988  99.8019 260.3273 14.26733505133520
1 41335U 16011A   18253.53313390  .00000007  00000-0  20807-4 0  9999
2 41335  98.6328 319.5134 0000989  99.9444 260.1848 14.26733524133570
1 41335U 16011A   18253.81365401  .00000002  00000-0  18863-4 0  9994
2 41335  98.6328 319.7901 0000988  99.9892 260.1400 14.26733530133616
1 41335U 16011A   18253.95391406 +.00000002 +00000-0 +18875-4 0  9996
2 41335 098.6327 319.9284 0000987 100.0662 260.0629 14.26733535133638
1 41335U 16011A   18254.16430413  .00000004  00000-0  19907-4 0  9991
2 41335  98.6327 320.1359 0000985 100.3031 259.8260 14.26733581133667
1 41335U 16011A   18254.51495425 -.00000002  00000-0  17388-4 0  9994
2 41335  98.6327 320.4818 0000987 100.5979 259.5313 14.26733598133715
1 41335U 16011A   18254.79547434 -.00000006  00000-0  15387-4 0  9993
2 41335  98.6326 320.7585 0000987 100.6134 259.5158 14.26733608133755
1 41335U 16011A   18254.93573439 -.00000006 +00000-0 +15679-4 0  9997
2 41335 098.6326 320.8969 0000989 100.6787 259.4505 14.26733615133773
1 41335U 16011A   18255.14612446 -.00000005  00000-0  15954-4 0  9998
2 41335  98.6325 321.1044 0000988 100.7663 259.3628 14.26733648133808
1 41335U 16011A   18255.49677459 -.00000007  00000-0  15225-4 0  9994
2 41335  98.6325 321.4503 0000995 100.8195 259.3097 14.26733665133854
1 41335U 16011A   18255.56690462 -.00000009 +00000-0 +14498-4 0  9994
2 41335 098.6325 321.5195 0000994 100.8695 259.2597 14.26733671133868
1 41335U 16011A   18255.84742471 -.00000010  00000-0  13931-4 0  9996
2 41335  98.6324 321.7962 0000995 100.8849 259.2444 14.26733674133902
1 41335U 16011A   18255.91755473 -.00000010 +00000-0 +13898-4 0  9992
2 41335 098.6324 321.8653 0000996 100.9467 259.1826 14.26733674133912
1 41335U 16011A   18256.19807480 -.00000006  00000-0  15542-4 0  9992
2 41335  98.6324 322.1420 0000996 101.0950 259.0343 14.26733722133958
1 41335U 16011A   18256.47859489 -.00000006  00000-0  15788-4 0  9991
2 41335  98.6324 322.4187 0001001 101.1325 258.9968 14.26733736133996
1 41335U 16011A   18256.54872491 -.00000006 +00000-0 +15662-4 0  9998
2 41335 098.6323 322.4879 0001002 101.1678 258.9615 14.26733748134000
1 41335U 16011A   18256.82924497 -.00000006  00000-0  15416-4 0  9990
2 41335  98.6323 322.7646 0001003 101.1597 258.9696 14.26733762134045
1 41335U 16011A   18256.89937499 -.00000005 +00000-0 +15941-4 0  9995
2 41335 098.6323 322.8337 0001003 101.2515 258.8778 14.26733768134051
1 41335U 16011A   18257.17989501  .00000000  00000-0  18241-4 0  9998
2 41335  98.6322 323.1104 0001001 101.5649 258.5644 14.26733833134091
1 41335U 16011A   18257.46041505  .00000002  00000-0  18841-4 0  9991
2 41335  98.6322 323.3871 0001005 101.7791 258.3502 14.26733862134136
1 41335U 16011A   18257.60067507 -.00000003 +00000-0 +16649-4 0  9993
2 41335 098.6322 323.5255 0001003 101.9056 258.2237 14.26733866134158
1 41335U 16011A   18257.81106510 -.00000006  00000-0  15656-4 0  9994
2 41335  98.6321 323.7330 0001002 101.8102 258.3191 14.26733868134188
1 41335U 16011A   18257.88119511 -.00000007 +00000-0 +15337-4 0  9993
2 41335 098.6321 323.8022 0001002 101.8998 258.2295 14.26733866134193
1 41335U 16011A   18258.16171513 -.00000006  00000-0  15656-4 0  9998
2 41335  98.6320 324.0789 0000999 102.1356 257.9937 14.26733913134238
1 41335U 16011A   18258.51236516 -.00000009  00000-0  14445-4 0  9990
2 41335  98.6320 324.4247 0001002 102.4370 257.6922 14.26733938134289
1 41335U 16011A   18258.58249517 -.00000010 +00000-0 +14077-4 0  9995
2 41335 098.6320 324.4939 0001001 102.4890 257.6402 14.26733950134291
1 41335U 16011A   18258.86301520 -.00000014  00000-0  12273-4 0  9999
2 41335  98.6320 324.7706 0001000 102.5167 257.6126 14.26733947134337
1 41335U 16011A   18258.93314521 -.00000016 +00000-0 +11635-4 0  9995
2 41335 098.6319 324.8397 0001001 102.5322 257.5970 14.26733945134341
1 41335U 16011A   18259.21366524 -.00000018  00000-0  10570-4 0  9996
2 41335  98.6319 325.1164 0001002 102.6165 257.5127 14.26733974134384
1 41335U 16011A   18259.49418530 -.00000022  00000-0  90607-5 0  9996
2 41335  98.6319 325.3931 0001008 102.7152 257.4141 14.26733969134425
1 41335U 16011A   18259.56431531 -.00000023 +00000-0 +84531-5 0  9990
2 41335 098.6319 325.4623 0001008 102.8055 257.3238 14.26733975134431
1 41335U 16011A   18259.84483534 -.00000026  00000-0  74900-5 0  9993
2 41335  98.6318 325.7390 0001009 102.8067 257.3227 14.26733970134475
1 41335U 16011A   18259.91496535 -.00000027 +00000-0 +70286-5 0  9990
2 41335 098.6318 325.8081 0001010 102.8441 257.2853 14.26733964134489
1 41335U 16011A   18260.19548538 -.00000025  00000-0  78823-5 0  9996
2 41335  98.6318 326.0848 0001011 102.9863 257.1430 14.26733997134524
1 41335U 16011A   18260.47600541 -.00000023  00000-0  85935-5 0  9990
2 41335  98.6318 326.3615 0001016 103.1524 256.9770 14.26734005134560
1 41335U 16011A   18260.61626542 -.00000024 +00000-0 +80557-5 0  9991
2 41335 098.6318 326.4998 0001015 103.2017 256.9277 14.26734019134581
1 41335U 16011A   18260.75652543 -.00000024  00000-0  79482-5 0  9991
2 41335  98.6317 326.6381 0001017 103.1548 256.9746 14.26734020134604
1 41335U 16011A   18260.89678544 -.00000021 +00000-0 +93343-5 0  9994
2 41335 098.6317 326.7765 0001017 103.2814 256.8480 14.26734024134628
1 41335U 16011A   18261.17730543 -.00000019  00000-0  10259-4 0  9995
2 41335  98.6317 327.0532 0001014 103.5029 256.6265 14.26734060134665
1 41335U 16011A   18261.45782545 -.00000019  00000-0  10394-4 0  9995
2 41335  98.6317 327.3298 0001020 103.7074 256.4220 14.26734067134707
1 41335U 16011A   18261.87860545 -.00000021 +00000-0 +95827-5 0  9996
2 41335 098.6316 327.7448 0001019 104.0733 256.0560 14.26734081134766
1 41335U 16011A   18261.87860545 -.00000022  00000-0  91598-5 0  9998
2 41335  98.6316 327.7448 0001018 103.8871 256.2422 14.26734080134763
1 41335U 16011A   18262.15912545 -.00000019  00000-0  10362-4 0  9993
2 41335  98.6316 328.0215 0001020 104.0815 256.0479 14.26734123134806
1 41335U 16011A   18262.50977545 -.00000019  00000-0  10307-4 0  9992
2 41335  98.6316 328.3674 0001025 104.3720 255.7575 14.26734143134851
1 41335U 16011A   18262.57990545 -.00000020 +00000-0 +99080-5 0  9992
2 41335 098.6316 328.4365 0001026 104.4283 255.7012 14.26734152134862
1 41335U 16011A   18262.86042545 -.00000020  00000-0  97652-5 0  9995
2 41335  98.6316 328.7132 0001026 104.4399 255.6895 14.26734151134907
1 41335U 16011A   18262.93055546 -.00000019 +00000-0 +10025-4 0  9994
2 41335 098.6316 328.7824 0001028 104.4729 255.6565 14.26734156134914
1 41335U 16011A   18263.21107546 -.00000015  00000-0  11967-4 0  9996
2 41335  98.6315 329.0590 0001028 104.5419 255.5875 14.26734201134952
1 41335U 16011A   18263.35133547 -.00000015  00000-0  11956-4 0  9999
2 41335  98.6316 329.1974 0001033 104.5978 255.5317 14.26734196134972
1 41335U 16011A   18263.77211548 -.00000019 +00000-0 +10269-4 0  9993
2 41335 098.6315 329.6123 0001033 104.6389 255.4906 14.26734201135037
1 41335U 16011A   18264.89419549 -.00000023 +00000-0 +83721-5 0  9997
2 41335 098.6314 330.7190 0001039 105.0272 255.1023 14.26734202135190
1 41335U 16011A   18265.59549543 -.00000017 +00000-0 +11020-4 0  9998
2 41335 098.6313 331.4106 0001045 105.4573 254.6723 14.26734281135298
1 41335U 16011A   18265.94614539 -.00000010 +00000-0 +13929-4 0  9998
2 41335 098.6313 331.7564 0001049 105.4912 254.6385 14.26734310135343
1 41335U 16011A   18266.57731533 -.00000005 +00000-0 +15791-4 0  9995
2 41335 098.6312 332.3789 0001055 105.6835 254.4462 14.26734395135438
1 41335U 16011A   18266.92796527 +.00000001 +00000-0 +18589-4 0  9991
2 41335 098.6311 332.7247 0001060 105.6020 254.5278 14.26734432135485
1 41335U 16011A   18267.55913519 +.00000004 +00000-0 +19671-4 0  9999
2 41335 098.6310 333.3471 0001067 105.6816 254.4482 14.26734495135575
1 41335U 16011A   18267.90978513 +.00000000 +00000-0 +18170-4 0  9992
2 41335 098.6309 333.6929 0001067 105.6774 254.4524 14.26734492135627
1 41335U 16011A   18268.82147491 -.00000003  00000-0  16973-4 0  9990
2 41335  98.6308 334.5920 0001072 105.9680 254.1619 14.26734548135750
1 41335U 16011A   18268.89160490 -.00000004 +00000-0 +16428-4 0  9997
2 41335 098.6308 334.6612 0001071 105.9297 254.2002 14.26734543135765
1 41335U 16011A   18269.17212481 -.00000003  00000-0  16955-4 0  9991
2 41335  98.6307 334.9379 0001072 106.0674 254.0624 14.26734586135809
1 41335U 16011A   18269.45264471 -.00000004  00000-0  16299-4 0  9990
2 41335  98.6307 335.2145 0001077 106.2643 253.8656 14.26734603135843
1 41335U 16011A   18269.59290467 -.00000007 +00000-0 +15330-4 0  9997
2 41335 098.6306 335.3528 0001079 106.3703 253.7596 14.26734619135869
1 41335U 16011A   18269.80329460 -.00000008  00000-0  14661-4 0  9994
2 41335  98.6306 335.5603 0001080 106.2374 253.8925 14.26734621135893
1 41335U 16011A   18269.87342458 -.00000005 +00000-0 +16071-4 0  9997
2 41335 098.6306 335.6295 0001081 106.3654 253.7645 14.26734629135902
1 41335U 16011A   18270.15394447 -.00000001  00000-0  17536-4 0  9998
2 41335  98.6305 335.9061 0001081 106.2959 253.8341 14.26734682135949
1 41335U 16011A   18270.50459435 -.00000002  00000-0  17382-4 0  9996
2 41335  98.6305 336.2519 0001089 106.4711 253.6589 14.26734712135998
1 41335U 16011A   18270.85524421  .00000000  00000-0  18261-4 0  9996
2 41335  98.6304 336.5977 0001092 106.3276 253.8025 14.26734746136048
1 41335U 16011A   18270.92537419 +.00000000 +00000-0 +18142-4 0  9993
2 41335 098.6304 336.6668 0001094 106.3522 253.7779 14.26734749136051
1 41335U 16011A   18271.20589406  .00000007  00000-0  20843-4 0  9996
2 41335  98.6303 336.9434 0001095 106.3303 253.7998 14.26734814136092
1 41335U 16011A   18271.48641395  .00000008  00000-0  21547-4 0  9995
2 41335  98.6303 337.2201 0001101 106.3404 253.7897 14.26734836136135
1 41335U 16011A   18271.83706379  .00000003  00000-0  19210-4 0  9997
2 41335  98.6302 337.5658 0001102 106.2921 253.8381 14.26734844136180
1 41335U 16011A   18271.90719376 +.00000004 +00000-0 +19549-4 0  9992
2 41335 098.6302 337.6350 0001103 106.2898 253.8404 14.26734849136196
1 41335U 16011A   18272.18771361  .00000004  00000-0  19783-4 0  9995
2 41335  98.6302 337.9116 0001104 106.3487 253.7815 14.26734893136234
1 41335U 16011A   18272.46823347  .00000002  00000-0  18705-4 0  9999
2 41335  98.6301 338.1882 0001111 106.4744 253.6559 14.26734901136279
1 41335U 16011A   18272.81888329 -.00000010  00000-0  13916-4 0  9998
2 41335  98.6301 338.5340 0001110 106.3986 253.7316 14.26734898136321
1 41335U 16011A   18272.95914322 -.00000011 +00000-0 +13598-4 0  9993
2 41335 098.6301 338.6723 0001110 106.4203 253.7099 14.26734899136341
1 41335U 16011A   18273.16953309 -.00000014  00000-0  12438-4 0  9990
2 41335  98.6300 338.8797 0001111 106.5554 253.5748 14.26734926136377
1 41335U 16011A   18273.52018288 -.00000017  00000-0  11082-4 0  9995
2 41335  98.6300 339.2255 0001117 106.8819 253.2484 14.26734948136428
1 41335U 16011A   18273.80070271 -.00000020  00000-0  95873-5 0  9991
2 41335  98.6299 339.5021 0001118 106.7461 253.3842 14.26734959136467
1 41335U 16011A   18273.94096263 -.00000021 +00000-0 +93728-5 0  9993
2 41335 098.6299 339.6404 0001118 106.8166 253.3137 14.26734959136485
1 41335U 16011A   18274.22148247 -.00000020  00000-0  95896-5 0  9992
2 41335  98.6299 339.9170 0001120 106.8751 253.2552 14.26734997136528
1 41335U 16011A   18274.50200231 -.00000021  00000-0  93892-5 0  9990
2 41335  98.6299 340.1936 0001126 106.9092 253.2211 14.26735007136566
1 41335U 16011A   18274.57213227 -.00000022 +00000-0 +91076-5 0  9999
2 41335 098.6299 340.2628 0001126 106.9230 253.2073 14.26735018136578
1 41335U 16011A   18274.85265210 -.00000022  00000-0  89883-5 0  9992
2 41335  98.6298 340.5394 0001131 106.8145 253.3160 14.26735026136612
1 41335U 16011A   18274.92278206 -.00000020 +00000-0 +99102-5 0  9992
2 41335 098.6298 340.6085 0001132 106.8061 253.3244 14.26735036136623
1 41335U 16011A   18275.20330188 -.00000013  00000-0  12645-4 0  9990
2 41335  98.6298 340.8852 0001133 106.7827 253.3478 14.26735093136663
1 41335U 16011A   18275.48382171 -.00000010  00000-0  14072-4 0  9992
2 41335  98.6298 341.1617 0001139 106.8305 253.3001 14.26735113136704
1 41335U 16011A   18275.55395167 -.00000010 +00000-0 +14009-4 0  9999
2 41335 098.6297 341.2309 0001140 106.8748 253.2557 14.26735123136712
1 41335U 16011A   18275.83447149 -.00000010  00000-0  13779-4 0  9991
2 41335  98.6297 341.5075 0001142 106.7875 253.3431 14.26735130136751
1 41335U 16011A   18275.90460145 -.00000011 +00000-0 +13310-4 0  9992
2 41335 098.6297 341.5767 0001140 106.7095 253.4210 14.26735124136761
1 41335U 16011A   18276.18512125 -.00000008  00000-0  14842-4 0  9996
2 41335  98.6297 341.8533 0001139 106.7324 253.3982 14.26735172136801
1 41335U 16011A   18276.46564105 -.00000006  00000-0  15721-4 0  9997
2 41335  98.6296 342.1299 0001145 106.8535 253.2771 14.26735191136845
1 41335U 16011A   18276.53577100 -.00000005 +00000-0 +15814-4 0  9996
2 41335 098.6296 342.1990 0001145 106.8791 253.2515 14.26735203136858
1 41335U 16011A   18276.81629081 -.00000010  00000-0  13817-4 0  9990
2 41335  98.6296 342.4756 0001146 106.8025 253.3281 14.26735202136896
1 41335U 16011A   18276.88642076 -.00000012 +00000-0 +12931-4 0  9994
2 41335 098.6296 342.5448 0001146 106.8456 253.2850 14.26735193136905
1 41335U 16011A   18277.09681061 -.00000016  00000-0  11622-4 0  9995
2 41335  98.6295 342.7522 0001145 106.9544 253.1762 14.26735206136936
1 41335U 16011A   18277.58772028 -.00000025  00000-0  75188-5 0  9991
2 41335  98.6295 343.2363 0001151 107.0590 253.0716 14.26735214137001
1 41335U 16011A   18277.86824008 -.00000028  00000-0  65298-5 0  9992
2 41335  98.6295 343.5128 0001150 106.8080 253.3227 14.26735205137047
1 41335U 16011A   18278.14875989 -.00000025  00000-0  77359-5 0  9996
2 41335  98.6294 343.7894 0001153 106.8608 253.2699 14.26735240137082
1 41335U 16011A   18278.28901979 -.00000023  00000-0  85428-5 0  9994
2 41335  98.6294 343.9277 0001156 106.8618 253.2689 14.26735250137106
1 41335U 16011A   18278.49940966 -.00000023  00000-0  87098-5 0  9991
2 41335  98.6294 344.1351 0001161 106.8776 253.2532 14.26735257137130
1 41335U 16011A   18278.85005941 -.00000019  00000-0  10351-4 0  9998
2 41335  98.6294 344.4809 0001164 106.6933 253.4375 14.26735280137185
1 41335U 16011A   18278.92018936 -.00000018 +00000-0 +10662-4 0  9998
2 41335 098.6293 344.5500 0001165 106.7136 253.4173 14.26735281137198
1 41335U 16011A   18279.20070916 -.00000012  00000-0  13109-4 0  9999
2 41335  98.6293 344.8266 0001167 106.7007 253.4301 14.26735327137238
1 41335U 16011A   18279.48122895 -.00000002  00000-0  17155-4 0  9997
2 41335  98.6293 345.1032 0001174 106.8093 253.3216 14.26735360137272
1 41335U 16011A   18279.83187870 -.00000001  00000-0  17775-4 0  9997
2 41335  98.6292 345.4489 0001175 106.5978 253.5332 14.26735380137329
1 41335U 16011A   18279.90200864 -.00000001 +00000-0 +17758-4 0  9995
2 41335 098.6292 345.5180 0001175 106.6324 253.4986 14.26735378137336
1 41335U 16011A   18280.81369789  .00000001  00000-0  18524-4 0  9990
2 41335  98.6291 346.4169 0001179 106.5346 253.5964 14.26735458137469
1 41335U 16011A   18280.88382782 +.00000001 +00000-0 +18647-4 0  9991
2 41335 098.6291 346.4861 0001179 106.5628 253.5681 14.26735462137473
1 41335U 16011A   18280.95395776  .00000002  00000-0  18701-4 0  9998
2 41335  98.6291 346.5552 0001179 106.5972 253.5338 14.26735468137489
1 41335U 16011A   18281.51499725  .00000003  00000-0  19087-4 0  9999
2 41335  98.6290 347.1083 0001185 106.8227 253.3084 14.26735535137567
1 41335U 16011A   18281.79551701 -.00000002  00000-0  17131-4 0  9990
2 41335  98.6290 347.3849 0001188 106.5654 253.5657 14.26735540137602
1 41335U 16011A   18281.93577689 -.00000002 +00000-0 +17424-4 0  9994
2 41335 098.6289 347.5232 0001189 106.5510 253.5801 14.26735544137627
1 41335U 16011A   18282.21629664 -.00000001  00000-0  17458-4 0  9993
2 41335  98.6289 347.7998 0001192 106.5814 253.5497 14.26735577137660
1 41335U 16011A   18282.49681639 -.00000001  00000-0  17555-4 0  9991
2 41335  98.6289 348.0763 0001198 106.6124 253.5188 14.26735590137702
1 41335U 16011A   18282.77733614 -.00000002  00000-0  17115-4 0  9996
2 41335  98.6288 348.3529 0001197 106.4143 253.7169 14.26735605137744
1 41335U 16011A   18282.91759600 +.00000000 +00000-0 +18148-4 0  9999
2 41335 098.6288 348.4912 0001201 106.4137 253.7175 14.26735615137760
1 41335U 16011A   18283.19811573  .00000003  00000-0  19292-4 0  9992
2 41335  98.6288 348.7678 0001202 106.3993 253.7319 14.26735660137807
1 41335U 16011A   18283.47863545  .00000007  00000-0  21073-4 0  9993
2 41335  98.6287 349.0443 0001208 106.3909 253.7404 14.26735689137843
1 41335U 16011A   18283.54876539 +.00000008 +00000-0 +21355-4 0  9992
2 41335 098.6287 349.1135 0001209 106.3635 253.7678 14.26735699137854
1 41335U 16011A   18283.82928510  .00000009  00000-0  21598-4 0  9990
2 41335  98.6286 349.3900 0001211 106.1673 253.9641 14.26735719137897
1 41335U 16011A   18283.89941502 +.00000010 +00000-0 +22018-4 0  9993
2 41335 098.6286 349.4592 0001211 106.3484 253.7829 14.26735723137900
1 41335U 16011A   18284.17993471  .00000009  00000-0  21676-4 0  9994
2 41335  98.6286 349.7357 0001209 106.2124 253.9190 14.26735765137942
1 41335U 16011A   18284.39032446  .00000015  00000-0  24165-4 0  9997
2 41335  98.6285 349.9432 0001212 106.2528 253.8786 14.26735805137977
1 41335U 16011A   18284.60071422 +.00000013 +00000-0 +23429-4 0  9998
2 41335 098.6285 350.1506 0001210 106.2568 253.8746 14.26735829138002
1 41335U 16011A   18284.74097406  .00000011  00000-0  22396-4 0  9993
2 41335  98.6285 350.2889 0001208 106.0147 254.1167 14.26735837138027
1 41335U 16011A   18284.81110398  .00000010  00000-0  22310-4 0  9992
2 41335  98.6285 350.3580 0001208 105.9435 254.1879 14.26735837138035
1 41335U 16011A   18285.16175356  .00000009  00000-0  21705-4 0  9991
2 41335  98.6284 350.7037 0001210 106.0015 254.1298 14.26735884138086
1 41335U 16011A   18285.44227322  .00000009  00000-0  21790-4 0  9997
2 41335  98.6283 350.9803 0001214 106.1256 254.0058 14.26735912138120
1 41335U 16011A   18285.58253305 +.00000008 +00000-0 +21409-4 0  9998
2 41335 098.6283 351.1185 0001216 106.1225 254.0089 14.26735941138142
1 41335U 16011A   18285.79292280  .00000004  00000-0  19764-4 0  9993
2 41335  98.6283 351.3259 0001215 105.8445 254.2870 14.26735948138175
1 41335U 16011A   18285.93318262 +.00000003 +00000-0 +19329-4 0  9994
2 41335 098.6282 351.4642 0001217 105.8360 254.2955 14.26735954138192
1 41335U 16011A   18286.14357236  .00000002  00000-0  18856-4 0  9995
2 41335  98.6282 351.6716 0001217 105.9050 254.2265 14.26735986138226
1 41335U 16011A   18286.49422193  .00000004  00000-0  19660-4 0  9994
2 41335  98.6282 352.0173 0001222 105.8178 254.3137 14.26736022138270
1 41335U 16011A   18286.56435184 +.00000004 +00000-0 +19799-4 0  9999
2 41335 098.6281 352.0865 0001222 105.8134 254.3181 14.26736037138285
1 41335U 16011A   18286.84487150 -.00000003  00000-0  16869-4 0  9995
2 41335  98.6281 352.3630 0001225 105.6473 254.4843 14.26736025138323
1 41335U 16011A   18286.91500142 -.00000007 +00000-0 +15067-4 0  9993
2 41335 098.6281 352.4321 0001226 105.6470 254.4846 14.26736016138333
1 41335U 16011A   18287.19552105 -.00000006  00000-0  15704-4 0  9997
2 41335  98.6280 352.7087 0001229 105.6784 254.4532 14.26736067138377
1 41335U 16011A   18287.47604070 -.00000007  00000-0  15353-4 0  9998
2 41335  98.6280 352.9852 0001235 105.6213 254.5104 14.26736077138415
1 41335U 16011A   18287.61630052 -.00000008 +00000-0 +14627-4 0  9997
2 41335 098.6280 353.1235 0001236 105.6057 254.5260 14.26736091138431
1 41335U 16011A   18287.82669024 -.00000008  00000-0  14888-4 0  9990
2 41335  98.6279 353.3309 0001237 105.3938 254.7379 14.26736099138463
1 41335U 16011A   18288.17733975 -.00000006  00000-0  15439-4 0  9997
2 41335  98.6279 353.6766 0001236 105.4444 254.6872 14.26736143138518
1 41335U 16011A   18288.45785935 -.00000002  00000-0  17326-4 0  9994
2 41335  98.6278 353.9531 0001241 105.4663 254.6654 14.26736180138552
1 41335U 16011A   18288.80850885 -.00000004  00000-0  16301-4 0  9994
2 41335  98.6278 354.2988 0001241 105.3466 254.7851 14.26736210138602
1 41335U 16011A   18288.94876865 -.00000002 +00000-0 +17087-4 0  9995
2 41335 098.6278 354.4371 0001243 105.3942 254.7376 14.26736224138620
1 41335U 16011A   18289.15915834 -.00000003  00000-0  16800-4 0  9992
2 41335  98.6277 354.6445 0001243 105.3639 254.7679 14.26736260138655
1 41335U 16011A   18289.50980783 -.00000004  00000-0  16278-4 0  9996
2 41335  98.6277 354.9901 0001246 105.3714 254.7605 14.26736292138702
1 41335U 16011A   18289.79032742 -.00000006  00000-0  15775-4 0  9993
2 41335  98.6277 355.2667 0001246 105.1075 255.0244 14.26736319138740
1 41335U 16011A   18289.93058722 -.00000008 +00000-0 +14859-4 0  9999
2 41335 098.6277 355.4049 0001247 105.1137 255.0182 14.26736314138764
1 41335U 16011A   18290.21110682 -.00000007  00000-0  15096-4 0  9999
2 41335  98.6277 355.6814 0001249 105.0248 255.1070 14.26736354138806
1 41335U 16011A   18290.49162642 -.00000006  00000-0  15624-4 0  9998
2 41335  98.6277 355.9580 0001255 104.8923 255.2396 14.26736367138843
1 41335U 16011A   18290.84227592 -.00000013  00000-0  12863-4 0  9993
2 41335  98.6276 356.3036 0001256 104.6755 255.4565 14.26736362138895
1 41335U 16011A   18290.91240582 -.00000014 +00000-0 +12244-4 0  9999
2 41335 098.6276 356.3728 0001256 104.6174 255.5146 14.26736357138900
1 41335U 16011A   18291.19292542 -.00000016  00000-0  11449-4 0  9991
2 41335  98.6276 356.6493 0001255 104.5232 255.6087 14.26736378138947
1 41335U 16011A   18291.47344501 -.00000018  00000-0  10773-4 0  9996
2 41335  98.6276 356.9258 0001263 104.5425 255.5895 14.26736379138983
1 41335U 16011A   18291.82409449 -.00000022  00000-0  91142-5 0  9993
2 41335  98.6275 357.2715 0001261 104.3268 255.8052 14.26736381139033
1 41335U 16011A   18291.89422438 -.00000022 +00000-0 +91243-5 0  9995
2 41335 098.6275 357.3406 0001261 104.4719 255.6601 14.26736377139047
1 41335U 16011A   18292.17474394 -.00000018  00000-0  10465-4 0  9996
2 41335  98.6275 357.6171 0001258 104.3346 255.7975 14.26736421139089
1 41335U 16011A   18292.45526351 -.00000015  00000-0  11811-4 0  9991
2 41335  98.6275 357.8937 0001262 104.2963 255.8358 14.26736440139122
1 41335U 16011A   18292.59552328 -.00000012 +00000-0 +12891-4 0  9995
2 41335 098.6275 358.0319 0001263 104.2955 255.8365 14.26736472139146
1 41335U 16011A   18292.87604285 -.00000013  00000-0  12483-4 0  9994
2 41335  98.6275 358.3084 0001263 104.0845 256.0476 14.26736469139180
1 41335U 16011A   18292.94617274 -.00000013 +00000-0 +12817-4 0  9995
2 41335 098.6274 358.3776 0001264 104.0963 256.0358 14.26736477139198
1 41335U 16011A   18293.15656241 -.00000011  00000-0  13387-4 0  9997
2 41335  98.6274 358.5850 0001264 104.0427 256.0894 14.26736510139225
1 41335U 16011A   18293.50721186 -.00000007  00000-0  15090-4 0  9995
2 41335  98.6274 358.9306 0001268 104.0155 256.1167 14.26736546139275
1 41335U 16011A   18293.57734174 -.00000005 +00000-0 +15814-4 0  9995
2 41335 098.6274 358.9998 0001267 103.9891 256.1431 14.26736564139281
1 41335U 16011A   18293.85786130 -.00000007  00000-0  15287-4 0  9991
2 41335  98.6274 359.2763 0001269 103.7809 256.3513 14.26736566139324
1 41335U 16011A   18293.92799119 -.00000004 +00000-0 +16217-4 0  9991
2 41335 098.6273 359.3454 0001271 103.7541 256.3781 14.26736579139339
1 41335U 16011A   18294.20851074 -.00000002  00000-0  17204-4 0  9997
2 41335  98.6273 359.6219 0001271 103.6499 256.4823 14.26736619139379
1 41335U 16011A   18294.48903030  .00000003  00000-0  19337-4 0  9996
2 41335  98.6273 359.8984 0001276 103.5358 256.5964 14.26736646139410
1 41335U 16011A   18294.55916019 +.00000004 +00000-0 +19708-4 0  9998
2 41335 098.6273 359.9675 0001277 103.5396 256.5927 14.26736661139428
1 41335U 16011A   18294.83967974 -.00000001  00000-0  17462-4 0  9998
2 41335  98.6272   0.2441 0001277 103.3576 256.7747 14.26736645139460
1 41335U 16011A   18294.90980963 -.00000001 +00000-0 +17523-4 0  9997
2 41335 098.6272 000.3132 0001277 103.3328 256.7995 14.26736645139479
1 41335U 16011A   18295.19032917 -.00000001  00000-0  17609-4 0  9991
2 41335  98.6272   0.5897 0001276 103.2438 256.8884 14.26736678139518
1 41335U 16011A   18295.47084871  .00000003  00000-0  19271-4 0  9996
2 41335  98.6272   0.8662 0001281 103.1193 257.0131 14.26736702139554
1 41335U 16011A   18295.82149812 -.00000002  00000-0  17365-4 0  9994
2 41335  98.6271   1.2118 0001282 102.9624 257.1700 14.26736710139609
1 41335U 16011A   18296.17214751 -.00000005  00000-0  15885-4 0  9996
2 41335  98.6270   1.5575 0001278 102.9269 257.2055 14.26736735139654
1 41335U 16011A   18296.38253715 -.00000005  00000-0  16137-4 0  9993
2 41335  98.6270   1.7649 0001281 102.8902 257.2422 14.26736743139685
1 41335U 16011A   18296.59292678 -.00000006 +00000-0 +15595-4 0  9995
2 41335 098.6270 001.9722 0001282 102.8840 257.2483 14.26736769139710
1 41335U 16011A   18296.87344629 -.00000006 +00000-0 +15491-4 0  9995
2 41335 098.6269 002.2487 0001283 102.6369 257.4955 14.26736774139751
1 41335U 16011A   18297.57474504 +.00000003 +00000-0 +19388-4 0  9994
2 41335 098.6268 002.9400 0001288 102.5637 257.5687 14.26736881139857
1 41335U 16011A   18297.92539440 +.00000006 +00000-0 +20363-4 0  9992
2 41335 098.6267 003.2856 0001292 102.3440 257.7886 14.26736907139908
1 41335U 16011A   18298.90721256 +.00000018 +00000-0 +25386-4 0  9992
2 41335 098.6265 004.2533 0001296 101.9710 258.1616 14.26737037140046
1 41335U 16011A   18299.39812159  .00000019  00000-0  25690-4 0  9998
2 41335  98.6265   4.7372 0001300 101.9141 258.2185 14.26737096140111
1 41335U 16011A   18299.46825146  .00000017  00000-0  25008-4 0  9997
2 41335  98.6264   4.8063 0001300 101.8542 258.2784 14.26737100140124
1 41335U 16011A   18299.81890075  .00000009  00000-0  21854-4 0  9995
2 41335  98.6264   5.1519 0001294 101.6084 258.5242 14.26737112140175
1 41335U 16011A   18299.88903061 +.00000007 +00000-0 +20897-4 0  9996
2 41335 098.6264 005.2210 0001294 101.5993 258.5333 14.26737105140186
1 41335U 16011A   18300.16955004  .00000005  00000-0  19989-4 0  9992
2 41335  98.6263   5.4975 0001291 101.5674 258.5651 14.26737143140228
1 41335U 16011A   18300.52019932 -.00000003  00000-0  16972-4 0  9991
2 41335  98.6263   5.8431 0001295 101.6293 258.5033 14.26737156140274
1 41335U 16011A   18300.80071874 -.00000005  00000-0  15790-4 0  9994
2 41335  98.6262   6.1196 0001295 101.3818 258.7508 14.26737177140312
1 41335U 16011A   18300.94097845 -.00000007 +00000-0 +15253-4 0  9991
2 41335 098.6262 006.2579 0001296 101.3908 258.7418 14.26737178140332
1 41335U 16011A   18301.22149787 -.00000008  00000-0  14588-4 0  9997
2 41335  98.6261   6.5343 0001295 101.2997 258.8329 14.26737214140376
1 41335U 16011A   18301.50201729 -.00000005  00000-0  15927-4 0  9998
2 41335  98.6261   6.8108 0001299 101.2039 258.9288 14.26737242140410
1 41335U 16011A   18301.57214714 -.00000006 +00000-0 +15468-4 0  9994
2 41335 098.6261 006.8799 0001299 101.2102 258.9225 14.26737255140423
1 41335U 16011A   18301.78253670 -.00000008  00000-0  14658-4 0  9993
2 41335  98.6260   7.0873 0001301 100.9048 259.2279 14.26737264140453
1 41335U 16011A   18301.92279640 -.00000005 +00000-0 +16175-4 0  9997
2 41335 098.6260 007.2255 0001303 100.9021 259.2306 14.26737280140473
1 41335U 16011A   18302.20331580 -.00000001  00000-0  17431-4 0  9993
2 41335  98.6260   7.5020 0001303 100.7685 259.3642 14.26737330140515
1 41335U 16011A   18302.48383519  .00000004  00000-0  19870-4 0  9993
2 41335  98.6260   7.7785 0001306 100.6986 259.4341 14.26737367140552
1 41335U 16011A   18302.55396503 +.00000006 +00000-0 +20363-4 0  9999
2 41335 098.6259 007.8476 0001306 100.6819 259.4509 14.26737385140560
1 41335U 16011A   18302.83448442  .00000003  00000-0  19469-4 0  9992
2 41335  98.6259   8.1240 0001307 100.4539 259.6788 14.26737394140607
1 41335U 16011A   18302.90461427 +.00000005 +00000-0 +20184-4 0  9996
2 41335 098.6259 008.1932 0001308 100.6127 259.5201 14.26737400140619
1 41335U 16011A   18303.18513364  .00000005  00000-0  20178-4 0  9998
2 41335  98.6258   8.4696 0001304 100.3062 259.8266 14.26737446140657
1 41335U 16011A   18303.46565300  .00000006  00000-0  20614-4 0  9992
2 41335  98.6258   8.7461 0001308 100.2495 259.8833 14.26737474140698
1 41335U 16011A   18303.60591268 +.00000005 +00000-0 +20077-4 0  9992
2 41335 098.6258 008.8843 0001309 100.2131 259.9197 14.26737498140714
1 41335U 16011A   18303.81630220 -.00000001  00000-0  17696-4 0  9997
2 41335  98.6258   9.0917 0001304 100.0404 260.0924 14.26737484140744
1 41335U 16011A   18303.88643204 -.00000003 +00000-0 +16609-4 0  9995
2 41335 098.6258 009.1608 0001304 100.2002 259.9326 14.26737474140751
1 41335U 16011A   18304.16695141 -.00000010  00000-0  13738-4 0  9992
2 41335  98.6257   9.4373 0001304 100.0070 260.1257 14.26737496140790
1 41335U 16011A   18304.51760060 -.00000016  00000-0  11438-4 0  9995
2 41335  98.6257   9.7829 0001307 100.0056 260.1272 14.26737511140847
1 41335U 16011A   18304.79811997 -.00000024  00000-0  80918-5 0  9990
2 41335  98.6257  10.0593 0001306  99.8028 260.3300 14.26737505140884
1 41335U 16011A   18304.93837965 -.00000025 +00000-0 +77514-5 0  9998
2 41335 098.6257 010.1976 0001307 099.7570 260.3758 14.26737505140902
1 41335U 16011A   18305.14876917 -.00000026  00000-0  72229-5 0  9991
2 41335  98.6256  10.4049 0001304  99.6464 260.4864 14.26737524140936
1 41335U 16011A   18305.42928854 -.00000024  00000-0  80734-5 0  9998
2 41335  98.6256  10.6814 0001307  99.5340 260.5988 14.26737537140979
1 41335U 16011A   18305.77993774 -.00000026  00000-0  72245-5 0  9999
2 41335  98.6256  11.0269 0001309  99.2647 260.8682 14.26737558141021
1 41335U 16011A   18305.92019741 -.00000022 +00000-0 +91430-5 0  9992
2 41335 098.6256 011.1652 0001310 099.2209 260.9120 14.26737571141049
1 41335U 16011A   18306.20071676 -.00000017  00000-0  11108-4 0  9996
2 41335  98.6255  11.4416 0001310  99.1211 261.0118 14.26737616141084
1 41335U 16011A   18306.48123612 -.00000010  00000-0  13854-4 0  9997
2 41335  98.6255  11.7181 0001313  99.0172 261.1157 14.26737641141121
1 41335U 16011A   18306.83188530 -.00000007  00000-0  15172-4 0  9997
2 41335  98.6255  12.0637 0001313  98.7986 261.3343 14.26737667141172
1 41335U 16011A   18306.90201513 -.00000007 +00000-0 +15158-4 0  9996
2 41335 098.6255 012.1328 0001312 098.7907 261.3422 14.26737666141180
1 41335U 16011A   18307.18253446 -.00000004  00000-0  16331-4 0  9990
2 41335  98.6254  12.4092 0001310  98.7247 261.4082 14.26737712141225
1 41335U 16011A   18307.46305378 -.00000001  00000-0  17710-4 0  9992
2 41335  98.6254  12.6857 0001314  98.6548 261.4781 14.26737736141269
1 41335U 16011A   18307.81370294 -.00000007  00000-0  15128-4 0  9997
2 41335  98.6254  13.0312 0001309  98.4496 261.6833 14.26737741141316
1 41335U 16011A   18307.88383277 -.00000008 +00000-0 +14574-4 0  9994
2 41335 098.6254 013.1003 0001308 098.4472 261.6857 14.26737734141326
1 41335U 16011A   18308.16435208 -.00000006  00000-0  15655-4 0  9997
2 41335  98.6253  13.3768 0001307  98.4419 261.6909 14.26737783141361
1 41335U 16011A   18308.51500122 -.00000008  00000-0  14699-4 0  9993
2 41335  98.6253  13.7223 0001308  98.4116 261.7212 14.26737802141412
1 41335U 16011A   18308.86565036 -.00000006  00000-0  15403-4 0  9998
2 41335  98.6252  14.0679 0001307  98.1729 261.9599 14.26737827141468
1 41335U 16011A   18308.93578019 -.00000007 +00000-0 +15204-4 0  9991
2 41335 098.6252 014.1370 0001307 098.1618 261.9711 14.26737827141471
1 41335U 16011A   18309.21629950 -.00000007  00000-0  15227-4 0  9999
2 41335  98.6252  14.4135 0001303  97.9997 262.1331 14.26737860141519
1 41335U 16011A   18309.49681883 -.00000009  00000-0  14160-4 0  9999
2 41335  98.6252  14.6899 0001307  97.9719 262.1609 14.26737857141552
1 41335U 16011A   18309.84746798 -.00000013  00000-0  12706-4 0  9994
2 41335  98.6251  15.0354 0001307  97.6840 262.4489 14.26737861141604
1 41335U 16011A   18309.91759779 -.00000007 +00000-0 +15209-4 0  9999
2 41335 098.6251 015.1045 0001308 097.6701 262.4628 14.26737887141613
1 41335U 16011A   18310.19811710 -.00000004  00000-0  16521-4 0  9990
2 41335  98.6251  15.3810 0001308  97.5689 262.5640 14.26737926141652
1 41335U 16011A   18310.47863640  .00000002  00000-0  18967-4 0  9993
2 41335  98.6250  15.6574 0001311  97.4610 262.6719 14.26737952141699
1 41335U 16011A   18310.54876622 +.00000002 +00000-0 +18718-4 0  9999
2 41335 098.6250 015.7265 0001311 097.4840 262.6489 14.26737960141707
1 41335U 16011A   18310.82928550  .00000005  00000-0  20215-4 0  9996
2 41335  98.6250  16.0030 0001310  97.2496 262.8833 14.26737984141740
1 41335U 16011A   18310.89941532 +.00000008 +00000-0 +21417-4 0  9996
2 41335 098.6250 016.0721 0001310 097.2532 262.8797 14.26737995141750
1 41335U 16011A   18311.17993456  .00000014  00000-0  23941-4 0  9991
2 41335  98.6249  16.3485 0001305  97.1677 262.9652 14.26738058141797
1 41335U 16011A   18311.46045382  .00000017  00000-0  25116-4 0  9998
2 41335  98.6249  16.6249 0001307  97.1129 263.0200 14.26738086141839
1 41335U 16011A   18311.60071345 +.00000016 +00000-0 +24579-4 0  9993
2 41335 098.6249 016.7632 0001305 097.1244 263.0085 14.26738110141853
1 41335U 16011A   18311.81110288  .00000016  00000-0  24706-4 0  9998
2 41335  98.6248  16.9705 0001302  96.9275 263.2054 14.26738122141887
1 41335U 16011A   18311.88123268 +.00000021 +00000-0 +26540-4 0  9991
2 41335 098.6248 017.0396 0001303 097.1089 263.0240 14.26738137141894
1 41335U 16011A   18312.16175191  .00000021  00000-0  26617-4 0  9990
2 41335  98.6247  17.3160 0001299  96.8390 263.2939 14.26738191141932
1 41335U 16011A   18312.44227115  .00000018  00000-0  25479-4 0  9996
2 41335  98.6247  17.5924 0001301  96.8073 263.3256 14.26738211141974
1 41335U 16011A   18312.58253076 +.00000016 +00000-0 +24607-4 0  9996
2 41335 098.6247 017.7307 0001301 096.8556 263.2772 14.26738235141997
1 41335U 16011A   18312.79292019  .00000012  00000-0  22942-4 0  9995
2 41335  98.6246  17.9380 0001300  96.6296 263.5033 14.26738242142023
1 41335U 16011A   18312.86304999  .00000012  00000-0  23074-4 0  9991
2 41335  98.6246  18.0071 0001300  96.6076 263.5252 14.26738243142033
1 41335U 16011A   18312.93317980 +.00000013 +00000-0 +23381-4 0  9995
2 41335 098.6246 018.0762 0001300 096.5788 263.5540 14.26738252142040
1 41335U 16011A   18313.14356922  .00000012  00000-0  23001-4 0  9996
2 41335  98.6246  18.2835 0001298  96.3786 263.7542 14.26738286142079
1 41335U 16011A   18313.49421826  .00000009  00000-0  21658-4 0  9992
2 41335  98.6245  18.6291 0001301  96.2635 263.8693 14.26738303142129
1 41335U 16011A   18313.84486729  .00000002  00000-0  19035-4 0  9993
2 41335  98.6244  18.9746 0001300  96.0259 264.1070 14.26738310142171
1 41335U 16011A   18313.91499709 +.00000001 +00000-0 +18508-4 0  9996
2 41335 098.6244 019.0437 0001298 095.9692 264.1637 14.26738309142183
1 41335U 16011A   18314.19551630  .00000004  00000-0  19531-4 0  9999
2 41335  98.6244  19.3201 0001296  95.8534 264.2794 14.26738355142228
1 41335U 16011A   18314.47603550  .00000003  00000-0  19316-4 0  9999
2 41335  98.6243  19.5965 0001298  95.7711 264.3617 14.26738370142260
1 41335U 16011A   18314.82668449  .00000003  00000-0  19399-4 0  9997
2 41335  98.6243  19.9420 0001298  95.4959 264.6370 14.26738407142317
1 41335U 16011A   18314.89681428 +.00000004 +00000-0 +19565-4 0  9992
2 41335 098.6242 020.0112 0001297 095.4758 264.6570 14.26738410142320
1 41335U 16011A   18315.17733345  .00000009  00000-0  21547-4 0  9998
2 41335  98.6242  20.2876 0001295  95.3752 264.7577 14.26738472142360
1 41335U 16011A   18315.52798239  .00000009  00000-0  21899-4 0  9990
2 41335  98.6241  20.6331 0001295  95.3171 264.8157 14.26738517142415
1 41335U 16011A   18315.80850154  .00000011  00000-0  22433-4 0  9994
2 41335  98.6241  20.9095 0001295  95.1054 265.0274 14.26738557142454
1 41335U 16011A   18315.94876111 +.00000015 +00000-0 +24286-4 0  9992
2 41335 098.6241 021.0477 0001294 095.0981 265.0347 14.26738580142476
1 41335U 16011A   18316.15915047  .00000013  00000-0  23336-4 0  9991
2 41335  98.6240  21.2550 0001290  95.0380 265.0948 14.26738617142500
1 41335U 16011A   18316.50979939  .00000007  00000-0  20994-4 0  9990
2 41335  98.6240  21.6005 0001290  95.0350 265.0977 14.26738644142553
1 41335U 16011A   18316.86044831  .00000006  00000-0  20313-4 0  9997
2 41335  98.6239  21.9460 0001289  94.7487 265.3841 14.26738677142609
1 41335U 16011A   18316.93057810 +.00000003 +00000-0 +19360-4 0  9993
2 41335 098.6239 022.0151 0001288 094.7370 265.3958 14.26738676142617
1 41335U 16011A   18317.21109724  .00000003  00000-0  19362-4 0  9999
2 41335  98.6239  22.2915 0001289  94.5921 265.5406 14.26738722142654
1 41335U 16011A   18317.49161638  .00000002  00000-0  18907-4 0  9994
2 41335  98.6239  22.5679 0001290  94.4383 265.6944 14.26738735142693
1 41335U 16011A   18317.56174617 +.00000002 +00000-0 +18863-4 0  9994
2 41335 098.6239 022.6370 0001290 094.4323 265.7005 14.26738748142701
1 41335U 16011A   18317.84226530 -.00000004  00000-0  16405-4 0  9990
2 41335  98.6238  22.9134 0001286  94.1176 266.0151 14.26738739142749
1 41335U 16011A   18317.91239508 -.00000006 +00000-0 +15689-4 0  9992
2 41335 098.6238 022.9825 0001287 094.0893 266.0434 14.26738736142754
1 41335U 16011A   18318.19291421 -.00000007  00000-0  15160-4 0  9990
2 41335  98.6238  23.2590 0001284  93.9618 266.1709 14.26738768142792
1 41335U 16011A   18318.47343333 -.00000009  00000-0  14280-4 0  9995
2 41335  98.6238  23.5354 0001288  94.0193 266.1134 14.26738778142835
1 41335U 16011A   18318.82408222 -.00000012  00000-0  13194-4 0  9990
2 41335  98.6237  23.8808 0001287  93.8361 266.2967 14.26738794142882
1 41335U 16011A   18318.89421200 -.00000009 +00000-0 +14144-4 0  9990
2 41335 098.6237 023.9500 0001286 093.8359 266.2969 14.26738803142892
1 41335U 16011A   18319.17473109 -.00000010  00000-0  13992-4 0  9999
2 41335  98.6237  24.2264 0001282  93.7712 266.3615 14.26738841142937
1 41335U 16011A   18319.52537997 -.00000015  00000-0  11643-4 0  9990
2 41335  98.6236  24.5719 0001287  93.9639 266.1689 14.26738853142986
1 41335U 16011A   18319.59550974 -.00000017 +00000-0 +11135-4 0  9995
2 41335 098.6236 024.6410 0001287 093.9450 266.1877 14.26738862142996
1 41335U 16011A   18319.94615859 -.00000009  00000-0  14127-4 0  9993
2 41335  98.6236  24.9865 0001278  93.5498 266.5828 14.26738894143043
1 41335U 16011A   18319.94615859 -.00000009 +00000-0 +14127-4 0  9993
2 41335 098.6236 024.9865 0001278 093.5498 266.5828 14.26738894143043
1 41335U 16011A   18320.15654791 -.00000010  00000-0  13756-4 0  9995
2 41335  98.6236  25.1937 0001274  93.3820 266.7507 14.26738923143071
1 41335U 16011A   18320.50719677 -.00000012  00000-0  13134-4 0  9991
2 41335  98.6236  25.5392 0001274  93.3253 266.8074 14.26738945143120
1 41335U 16011A   18320.57732655 -.00000012 +00000-0 +12971-4 0  9997
2 41335 098.6236 025.6083 0001274 093.3412 266.7914 14.26738957143131
1 41335U 16011A   18320.85784563 -.00000011  00000-0  13515-4 0  9997
2 41335  98.6235  25.8847 0001273  93.1077 267.0249 14.26738970143178
1 41335U 16011A   18320.92797540 -.00000007 +00000-0 +14968-4 0  9992
2 41335 098.6235 025.9538 0001273 093.0172 267.1154 14.26738989143188
1 41335U 16011A   18321.20849448 -.00000006  00000-0  15569-4 0  9996
2 41335  98.6235  26.2302 0001269  92.7388 267.3938 14.26739025143220
1 41335U 16011A   18321.48901357 -.00000003  00000-0  16883-4 0  9991
2 41335  98.6235  26.5066 0001268  92.6567 267.4759 14.26739041143261
1 41335U 16011A   18321.55914334 -.00000003 +00000-0 +16954-4 0  9997
2 41335 098.6235 026.5757 0001268 092.6515 267.4810 14.26739054143274
1 41335U 16011A   18321.83966243 -.00000006  00000-0  15407-4 0  9999
2 41335  98.6235  26.8521 0001267  92.3920 267.7406 14.26739050143317
1 41335U 16011A   18321.90979220 -.00000007 +00000-0 +15261-4 0  9995
2 41335 098.6235 026.9212 0001266 092.3804 267.7522 14.26739047143321
1 41335U 16011A   18322.19031128 -.00000008  00000-0  14810-4 0  9993
2 41335  98.6235  27.1976 0001264  92.2737 267.8589 14.26739074143361
1 41335U 16011A   18322.47083036 -.00000012  00000-0  13166-4 0  9997
2 41335  98.6235  27.4740 0001265  92.2475 267.8850 14.26739068143402
1 41335U 16011A   18322.89160895 -.00000013 +00000-0 +12854-4 0  9996
2 41335 098.6234 027.8886 0001261 092.0764 268.0561 14.26739084143467
1 41335U 16011A   18323.17212801 -.00000012  00000-0  13126-4 0  9995
2 41335  98.6234  28.1650 0001256  92.0423 268.0902 14.26739118143508
1 41335U 16011A   18323.52277682 -.00000013  00000-0  12846-4 0  9991
2 41335  98.6233  28.5104 0001255  92.0686 268.0638 14.26739138143558
1 41335U 16011A   18323.80329587 -.00000012  00000-0  12896-4 0  9998
2 41335  98.6233  28.7868 0001253  91.8541 268.2783 14.26739155143598
1 41335U 16011A   18323.87342563 -.00000007 +00000-0 +15001-4 0  9999
2 41335 098.6233 028.8559 0001253 091.8768 268.2556 14.26739173143607
1 41335U 16011A   18324.15394468 -.00000005  00000-0  15880-4 0  9995
2 41335  98.6232  29.1323 0001250  91.7816 268.3507 14.26739212143644
1 41335U 16011A   18324.50459348 -.00000003  00000-0  16982-4 0  9995
2 41335  98.6232  29.4778 0001251  91.8172 268.3152 14.26739248143698
1 41335U 16011A   18324.78511251  .00000002  00000-0  19001-4 0  9990
2 41335  98.6232  29.7541 0001248  91.5200 268.6124 14.26739286143733
1 41335U 16011A   18324.92537203 +.00000005 +00000-0 +20059-4 0  9999
2 41335 098.6231 029.8923 0001248 091.5431 268.5892 14.26739295143756
1 41335U 16011A   18325.20589106  .00000007  00000-0  20915-4 0  9993
2 41335  98.6231  30.1687 0001245  91.4176 268.7147 14.26739340143790
1 41335U 16011A   18325.48641010  .00000013  00000-0  23284-4 0  9995
2 41335  98.6231  30.4451 0001245  91.2532 268.8791 14.26739369143838
1 41335U 16011A   18325.83705886  .00000018  00000-0  25497-4 0  9999
2 41335  98.6230  30.7906 0001243  91.1141 269.0182 14.26739415143882
1 41335U 16011A   18325.90718862 +.00000019 +00000-0 +25904-4 0  9999
2 41335 098.6230 030.8597 0001242 091.2639 268.8684 14.26739415143896
1 41335U 16011A   18326.18770762  .00000018  00000-0  25548-4 0  9990
2 41335  98.6229  31.1360 0001241  91.0855 269.0468 14.26739458143938
1 41335U 16011A   18326.46822663  .00000018  00000-0  25512-4 0  9990
2 41335  98.6229  31.4124 0001242  91.0691 269.0632 14.26739475143974
1 41335U 16011A   18326.81887536  .00000015  00000-0  24329-4 0  9991
2 41335  98.6228  31.7579 0001237  90.7456 269.3866 14.26739501144028
1 41335U 16011A   18326.88900511 +.00000014 +00000-0 +23881-4 0  9998
2 41335 098.6228 031.8270 0001236 090.7694 269.3628 14.26739497144031
1 41335U 16011A   18327.16952409  .00000010  00000-0  22352-4 0  9991
2 41335  98.6228  32.1033 0001229  90.6552 269.4770 14.26739528144074
1 41335U 16011A   18327.52017281  .00000005  00000-0  20162-4 0  9992
2 41335  98.6227  32.4488 0001228  90.7402 269.3919 14.26739546144124
1 41335U 16011A   18327.80069178  .00000003  00000-0  19313-4 0  9999
2 41335  98.6227  32.7251 0001226  90.4878 269.6443 14.26739569144161
1 41335U 16011A   18327.94095126 +.00000001 +00000-0 +18589-4 0  9998
2 41335 098.6226 032.8633 0001224 090.5037 269.6283 14.26739568144184
1 41335U 16011A   18328.15134049 -.00000001  00000-0  17516-4 0  9990
2 41335  98.6226  33.0706 0001220  90.4528 269.6792 14.26739592144214
1 41335U 16011A   18328.50198919  .00000002  00000-0  18668-4 0  9994
2 41335  98.6226  33.4161 0001219  90.3589 269.7731 14.26739628144266
1 41335U 16011A   18328.57211893 +.00000004 +00000-0 +19582-4 0  9996
2 41335 098.6225 033.4851 0001218 090.3402 269.7918 14.26739649144275
1 41335U 16011A   18328.85263787  .00000007  00000-0  21065-4 0  9998
2 41335  98.6225  33.7615 0001218  90.1465 269.9855 14.26739678144312
1 41335U 16011A   18328.92276760 +.00000010 +00000-0 +22177-4 0  9990
2 41335 098.6225 033.8306 0001218 090.1594 269.9726 14.26739693144328
1 41335U 16011A   18329.20328655  .00000012  00000-0  22788-4 0  9993
2 41335  98.6224  34.1070 0001214  90.0518 270.0802 14.26739740144365
1 41335U 16011A   18329.48380548  .00000017  00000-0  25185-4 0  9991
2 41335  98.6224  34.3833 0001214  89.9549 270.1771 14.26739776144405
1 41335U 16011A   18329.55393521 +.00000019 +00000-0 +25686-4 0  9992
2 41335 098.6224 034.4524 0001213 089.9783 270.1536 14.26739795144413
1 41335U 16011A   18329.83445413  .00000020  00000-0  26450-4 0  9993
2 41335  98.6223  34.7288 0001211  89.7969 270.3351 14.26739823144457
1 41335U 16011A   18329.90458386 +.00000022 +00000-0 +26967-4 0  9999
2 41335 098.6223 034.7978 0001210 089.9729 270.1590 14.26739829144468
1 41335U 16011A   18330.18510277  .00000020  00000-0  26148-4 0  9998
2 41335  98.6223  35.0742 0001206  89.7878 270.3440 14.26739875144501
1 41335U 16011A   18330.46562168  .00000017  00000-0  24895-4 0  9998
2 41335  98.6222  35.3505 0001207  89.7829 270.3490 14.26739889144541
1 41335U 16011A   18330.60588112 +.00000014 +00000-0 +23608-4 0  9999
2 41335 098.6222 035.4887 0001205 089.8286 270.3033 14.26739911144562
1 41335U 16011A   18330.81627029  .00000011  00000-0  22765-4 0  9993
2 41335  98.6222  35.6960 0001203  89.6604 270.4714 14.26739920144596
1 41335U 16011A   18330.88640001 +.00000011 +00000-0 +22536-4 0  9991
2 41335 098.6222 035.7651 0001201 089.8510 270.2809 14.26739919144603
1 41335U 16011A   18331.16691889  .00000005  00000-0  19907-4 0  9994
2 41335  98.6221  36.0414 0001196  89.7089 270.4229 14.26739949144641
1 41335U 16011A   18331.51756750 -.00000006  00000-0  15345-4 0  9996
2 41335  98.6221  36.3869 0001196  89.8704 270.2613 14.26739952144697
1 41335U 16011A   18331.86821610 -.00000010  00000-0  13804-4 0  9995
2 41335  98.6220  36.7323 0001192  89.6831 270.4486 14.26739968144743
1 41335U 16011A   18331.93834582 -.00000011 +00000-0 +13366-4 0  9999
2 41335 098.6220 036.8014 0001191 089.6959 270.4357 14.26739969144750
1 41335U 16011A   18332.14873499 -.00000016  00000-0  11382-4 0  9994
2 41335  98.6220  37.0086 0001184  89.4132 270.7184 14.26739981144783
1 41335U 16011A   18332.49938359 -.00000017  00000-0  10980-4 0  9993
2 41335  98.6220  37.3541 0001181  89.3973 270.7343 14.26740000144838
1 41335U 16011A   18332.77990248 -.00000024  00000-0  81429-5 0  9994
2 41335  98.6220  37.6304 0001181  89.2301 270.9015 14.26739997144877
1 41335U 16011A   18332.92016202 -.00000058 +00000-0 -58574-5 0  9993
2 41335 098.6219 037.7686 0001185 089.4034 270.7283 14.26739853144896
1 41335U 16011A   18333.20068101 -.00000080  00000-0 -15215-4 0  9999
2 41335  98.6224  38.0447 0001161  86.0814 274.0499 14.26739697144931
1 41335U 16011A   18333.41107040 -.00000139  00000-0 -39355-4 0  9994
2 41335  98.6224  38.2520 0001163  86.1176 274.0137 14.26739442144969
1 41335U 16011A   18333.83184920 -.00000247  00000-0 -84214-4 0  9996
2 41335  98.6223  38.6665 0001157  85.0209 275.1103 14.26738898145027
1 41335U 16011A   18333.90197901 -.00000258 +00000-0 -88767-4 0  9996
2 41335 098.6223 038.7356 0001158 084.8256 275.3057 14.26738831145033
1 41335U 16011A   18334.18249809 -.00000276  00000-0 -96052-4 0  9998
2 41335  98.6222  39.0119 0001151  84.8435 275.2877 14.26738690145071
1 41335U 16011A   18334.46301721 -.00000276  00000-0 -95875-4 0  9993
2 41335  98.6222  39.2883 0001149  85.0626 275.0685 14.26738597145119
1 41335U 16011A   18334.81366607 -.00000256  00000-0 -87943-4 0  9991
2 41335  98.6221  39.6337 0001153  84.7455 275.3857 14.26738569145165
1 41335U 16011A   18334.88379583 -.00000238 +00000-0 -80345-4 0  9994
2 41335 098.6221 039.7028 0001152 084.7304 275.4007 14.26738612145173
1 41335U 16011A   18335.16431484 -.00000181  00000-0 -56684-4 0  9991
2 41335  98.6221  39.9791 0001142  84.8615 275.2696 14.26738727145211
1 41335U 16011A   18335.51496364 -.00000045  00000-0 -64821-6 0  9991
2 41335  98.6220  40.3245 0001139  84.5583 275.5727 14.26739035145263
1 41335U 16011A   18335.86561234 -.00000029  00000-0  61085-5 0  9997
2 41335  98.6216  40.6701 0001150  88.1699 271.9613 14.26739136145311
1 41335U 16011A   18335.93574210 -.00000019 +00000-0 +10321-4 0  9998
2 41335 098.6216 040.7392 0001150 088.1765 271.9547 14.26739172145329
1 41335U 16011A   18336.14613139 -.00000019  00000-0  10354-4 0  9992
2 41335  98.6216  40.9464 0001149  88.1933 271.9379 14.26739195145357
1 41335U 16011A   18336.49678022 -.00000020  00000-0  95943-5 0  9992
2 41335  98.6216  41.2918 0001148  88.1979 271.9333 14.26739195145400
1 41335U 16011A   18336.84742905 -.00000023  00000-0  83819-5 0  9995
2 41335  98.6216  41.6372 0001145  87.9075 272.2237 14.26739196145452
1 41335U 16011A   18336.91755881 -.00000019 +00000-0 +10296-4 0  9993
2 41335 098.6216 041.7063 0001146 087.9849 272.1462 14.26739211145468
1 41335U 16011A   18337.19807786 -.00000017  00000-0  11070-4 0  9995
2 41335  98.6215  41.9826 0001144  88.0512 272.0800 14.26739240145505
1 41335U 16011A   18337.47859691 -.00000013  00000-0  12723-4 0  9990
2 41335  98.6215  42.2590 0001143  88.0576 272.0736 14.26739256145545
1 41335U 16011A   18337.82924570 -.00000005  00000-0  15999-4 0  9997
2 41335  98.6215  42.6044 0001141  87.9286 272.2025 14.26739298145591
1 41335U 16011A   18337.89937546 -.00000002 +00000-0 +17041-4 0  9998
2 41335 098.6214 042.6734 0001139 088.1321 271.9989 14.26739302145609
1 41335U 16011A   18338.17989448 -.00000000  00000-0  17990-4 0  9999
2 41335  98.6214  42.9498 0001132  87.8590 272.2720 14.26739344145643
1 41335U 16011A   18338.53054325  .00000002  00000-0  18873-4 0  9998
2 41335  98.6214  43.2952 0001130  87.9179 272.2130 14.26739377145690
1 41335U 16011A   18338.81106225  .00000007  00000-0  20724-4 0  9999
2 41335  98.6213  43.5715 0001127  87.7373 272.3936 14.26739414145731
1 41335U 16011A   18338.95132174 +.00000007 +00000-0 +20939-4 0  9994
2 41335 098.6213 043.7097 0001121 087.8715 272.2594 14.26739421145750
1 41335U 16011A   18339.16171099  .00000006  00000-0  20672-4 0  9990
2 41335  98.6213  43.9169 0001115  87.8319 272.2989 14.26739451145789
1 41335U 16011A   18339.51235975  .00000001  00000-0  18453-4 0  9992
2 41335  98.6213  44.2623 0001113  87.8604 272.2703 14.26739465145838
1 41335U 16011A   18339.86300849  .00000002  00000-0  18804-4 0  9994
2 41335  98.6212  44.6077 0001110  87.7036 272.4272 14.26739495145880
1 41335U 16011A   18339.93313824 +.00000002 +00000-0 +18700-4 0  9994
2 41335 098.6212 044.6768 0001109 087.7005 272.4302 14.26739498145899
1 41335U 16011A   18340.14352749 -.00000000  00000-0  18024-4 0  9996
2 41335  98.6212  44.8840 0001105  87.5891 272.5416 14.26739519145924
1 41335U 16011A   18340.42404650  .00000000  00000-0  18132-4 0  9995
2 41335  98.6211  45.1604 0001105  87.5509 272.5798 14.26739531145962
1 41335U 16011A   18340.91495476 -.00000006 +00000-0 +15436-4 0  9996
2 41335 098.6210 045.6439 0001101 087.4838 272.6468 14.26739535146030
1 41335U 16011A   18341.54612246  .00000002  00000-0  18667-4 0  9996
2 41335  98.6209  46.2656 0001097  87.5475 272.5831 14.26739616146121
1 41335U 16011A   18341.82664142  .00000002  00000-0  18872-4 0  9997
2 41335  98.6209  46.5419 0001092  87.4226 272.7079 14.26739629146163
1 41335U 16011A   18341.89677116 +.00000005 +00000-0 +19957-4 0  9997
2 41335 098.6208 046.6110 0001091 087.4624 272.6681 14.26739634146177
1 41335U 16011A   18342.17729009  .00000009  00000-0  21657-4 0  9992
2 41335  98.6208  46.8873 0001083  87.5434 272.5870 14.26739693146215
1 41335U 16011A   18342.52793877  .00000008  00000-0  21181-4 0  9996
2 41335  98.6207  47.2327 0001083  87.6842 272.4463 14.26739727146267
1 41335U 16011A   18342.87858743  .00000012  00000-0  22998-4 0  9990
2 41335  98.6206  47.5780 0001076  87.5464 272.5840 14.26739772146319
1 41335U 16011A   18342.94871715 +.00000015 +00000-0 +24042-4 0  9997
2 41335 098.6206 047.6471 0001076 087.6463 272.4840 14.26739789146325
1 41335U 16011A   18343.15910634  .00000015  00000-0  24070-4 0  9996
2 41335  98.6206  47.8544 0001070  87.6324 272.4979 14.26739829146359
1 41335U 16011A   18343.50975499  .00000010  00000-0  22179-4 0  9998
2 41335  98.6205  48.1997 0001068  87.7711 272.3592 14.26739859146401
1 41335U 16011A   18343.86040362  .00000014  00000-0  23989-4 0  9993
2 41335  98.6205  48.5451 0001065  87.5697 272.5606 14.26739914146453
1 41335U 16011A   18343.93053335 +.00000013 +00000-0 +23277-4 0  9994
2 41335 098.6204 048.6142 0001064 087.5895 272.5408 14.26739912146468
1 41335U 16011A   18344.21105226  .00000012  00000-0  22852-4 0  9990
2 41335  98.6204  48.8905 0001061  87.5934 272.5368 14.26739956146506
1 41335U 16011A   18344.49157117  .00000012  00000-0  22799-4 0  9996
2 41335  98.6204  49.1668 0001063  87.6391 272.4911 14.26739978146547
1 41335U 16011A   18344.84221981  .00000003  00000-0  19296-4 0  9994
2 41335  98.6203  49.5121 0001060  87.5558 272.5744 14.26739980146598
1 41335U 16011A   18344.91234954 +.00000002 +00000-0 +18642-4 0  9999
2 41335 098.6203 049.5812 0001059 087.5886 272.5416 14.26739977146601
1 41335U 16011A   18345.19286843  .00000002  00000-0  18991-4 0  9991
2 41335  98.6203  49.8575 0001056  87.6786 272.4515 14.26740020146641
1 41335U 16011A   18345.47338733 -.00000000  00000-0  17912-4 0  9999
2 41335  98.6202  50.1338 0001058  87.7982 272.3319 14.26740027146685
1 41335U 16011A   18345.82403593 -.00000005  00000-0  15914-4 0  9990
2 41335  98.6202  50.4792 0001057  87.7436 272.3866 14.26740047146730
1 41335U 16011A   18345.89416564 -.00000004 +00000-0 +16323-4 0  9993
2 41335 098.6201 050.5482 0001053 087.9229 272.2073 14.26740048146745
1 41335U 16011A   18346.17468450 -.00000004  00000-0  16573-4 0  9993
2 41335  98.6201  50.8245 0001048  87.7910 272.3391 14.26740094146783
1 41335U 16011A   18346.52533307 -.00000004  00000-0  16174-4 0  9993
2 41335  98.6201  51.1699 0001048  88.1202 272.0099 14.26740128146835
1 41335U 16011A   18346.80585192 -.00000005  00000-0  16012-4 0  9995
2 41335  98.6200  51.4461 0001044  87.9222 272.2078 14.26740151146878
1 41335U 16011A   18346.94611134 -.00000003 +00000-0 +16642-4 0  9993
2 41335 098.6200 051.5843 0001040 087.9867 272.1432 14.26740163146892
1 41335U 16011A   18347.15650047 -.00000004  00000-0  16320-4 0  9997
2 41335  98.6200  51.7915 0001034  87.8100 272.3199 14.26740196146928
1 41335U 16011A   18347.43701932 -.00000006  00000-0  15681-4 0  9999
2 41335  98.6200  52.0678 0001033  87.8825 272.2473 14.26740213146969
1 41335U 16011A   18347.78766787 -.00000008  00000-0  14716-4 0  9996
2 41335  98.6199  52.4131 0001030  87.8262 272.3037 14.26740246147016
1 41335U 16011A   18347.85779758 -.00000008  00000-0  14898-4 0  9997
2 41335  98.6199  52.4822 0001029  87.8731 272.2567 14.26740247147021
1 41335U 16011A   18348.20844612 -.00000005  00000-0  16003-4 0  9996
2 41335  98.6199  52.8276 0001024  87.7865 272.3433 14.26740298147074
1 41335U 16011A   18348.48896497 -.00000004  00000-0  16186-4 0  9995
2 41335  98.6199  53.1039 0001024  87.8397 272.2901 14.26740311147116
1 41335U 16011A   18348.83961352 -.00000011  00000-0  13334-4 0  9997
2 41335  98.6199  53.4492 0001019  87.7627 272.3670 14.26740308147166
1 41335U 16011A   18348.90974322 -.00000011 +00000-0 +13463-4 0  9999
2 41335 098.6198 053.5183 0001018 087.7609 272.3688 14.26740311147176
1 41335U 16011A   18349.19026205 -.00000010  00000-0  14078-4 0  9991
2 41335  98.6198  53.7946 0001013  87.8327 272.2970 14.26740350147219
1 41335U 16011A   18349.47078088 -.00000013  00000-0  12593-4 0  9991
2 41335  98.6198  54.0708 0001014  87.9819 272.1477 14.26740349147250
1 41335U 16011A   18349.82142941 -.00000017  00000-0  10813-4 0  9997
2 41335  98.6198  54.4162 0001010  87.9539 272.1757 14.26740358147300
1 41335U 16011A   18349.89155911 -.00000016 +00000-0 +11372-4 0  9995
2 41335 098.6198 054.4852 0001008 088.0274 272.1022 14.26740362147312
1 41335U 16011A   18350.17207792 -.00000018  00000-0  10577-4 0  9991
2 41335  98.6197  54.7615 0001002  88.0944 272.0351 14.26740390147358
1 41335U 16011A   18350.52272644 -.00000023  00000-0  84169-5 0  9993
2 41335  98.6197  55.1069 0001002  88.3696 271.7599 14.26740393147402
1 41335U 16011A   18350.80324524 -.00000025  00000-0  78568-5 0  9997
2 41335  98.6197  55.3831 0000997  88.2945 271.8350 14.26740403147441
1 41335U 16011A   18350.94350465 -.00000023 +00000-0 +83615-5 0  9992
2 41335 098.6197 055.5213 0000996 088.4427 271.6867 14.26740408147461
1 41335U 16011A   18351.15389376 -.00000022  00000-0  89160-5 0  9999
2 41335  98.6197  55.7285 0000993  88.4227 271.7067 14.26740440147499
1 41335U 16011A   18351.50454227 -.00000022  00000-0  89580-5 0  9992
2 41335  98.6197  56.0738 0000990  88.5949 271.5345 14.26740457147546
1 41335U 16011A   18351.85519078 -.00000019  00000-0  10188-4 0  9999
2 41335  98.6196  56.4191 0000988  88.4766 271.6527 14.26740484147593
1 41335U 16011A   18351.92532048 -.00000016 +00000-0 +11588-4 0  9991
2 41335 098.6196 056.4882 0000989 088.6136 271.5158 14.26740499147601
1 41335U 16011A   18352.20583927 -.00000009  00000-0  14301-4 0  9993
2 41335  98.6196  56.7645 0000984  88.6645 271.4648 14.26740552147648
1 41335U 16011A   18352.48635808 -.00000003  00000-0  16606-4 0  9993
2 41335  98.6195  57.0407 0000984  88.6735 271.4559 14.26740576147688
1 41335U 16011A   18352.83700658 -.00000004  00000-0  16535-4 0  9990
2 41335  98.6195  57.3861 0000980  88.5162 271.6131 14.26740587147730
1 41335U 16011A   18352.90713628 -.00000002 +00000-0 +17144-4 0  9994
2 41335 098.6195 057.4551 0000978 088.5399 271.5894 14.26740594147740
1 41335U 16011A   18353.18765506  .00000001  00000-0  18512-4 0  9995
2 41335  98.6194  57.7314 0000974  88.7232 271.4061 14.26740639147782
1 41335U 16011A   18353.46817414 -.00000001  00000-0  17750-4 0  9996
2 41335  98.6332  58.0113 0000991  86.3161 273.8133 14.26733173147827
1 41335U 16011A   18353.60843419 -.00000000 +00000-0 +17908-4 0  9990
2 41335 098.6331 058.1497 0000990 086.9321 273.1973 14.26733328147844
1 41335U 16011A   18353.81882433  .00000000  00000-0  18100-4 0  9996
2 41335  98.6331  58.3571 0000989  86.4902 273.6391 14.26733275147870
1 41335U 16011A   18353.88895435 +.00000000 +00000-0 +18249-4 0  9993
2 41335 098.6331 058.4264 0000987 086.8801 273.2492 14.26733309147887
1 41335U 16011A   18354.59025471 -.00000046 +00000-0 -73299-6 0  9997
2 41335 098.6330 059.1181 0000979 087.5806 272.5486 14.26733339147985
1 41335U 16011A   18354.80064481 -.00000045  00000-0 -61137-6 0  9992
2 41335  98.6330  59.3257 0000979  87.5989 272.5303 14.26733345148013
1 41335U 16011A   18354.94090488 -.00000044 +00000-0 -31726-6 0  9993
2 41335 098.6329 059.4640 0000977 087.6756 272.4536 14.26733343148036
1 41335U 16011A   18355.15129499 -.00000043  00000-0  17967-6 0  9991
2 41335  98.6329  59.6715 0000973  87.6960 272.4332 14.26733369148069
1 41335U 16011A   18355.50194517 -.00000041  00000-0  97704-6 0  9998
2 41335  98.6329  60.0174 0000973  87.9340 272.1952 14.26733376148118
1 41335U 16011A   18355.71233528 -.00000040  00000-0  13925-5 0  9998
2 41335  98.6328  60.2249 0000972  87.9435 272.1856 14.26733394148142
1 41335U 16011A   18356.48376558  .00000012  00000-0  22962-4 0  9992
2 41335  98.6327  60.9858 0000966  87.9896 272.1395 14.26733572148256
1 41335U 16011A   18356.55389560 +.00000012 +00000-0 +23142-4 0  9998
2 41335 098.6327 061.0550 0000965 088.0349 272.0942 14.26733585148263
1 41335U 16011A   18356.83441571  .00000011  00000-0  22742-4 0  9994
2 41335  98.6326  61.3317 0000962  88.0214 272.1077 14.26733595148300
1 41335U 16011A   18357.18506581  .00000016  00000-0  24644-4 0  9994
2 41335  98.6325  61.6775 0000955  88.1804 271.9486 14.26733655148351
1 41335U 16011A   18357.46558590  .00000017  00000-0  24889-4 0  9994
2 41335  98.6325  61.9542 0000955  88.3530 271.7759 14.26733674148390
1 41335U 16011A   18357.81623599  .00000010  00000-0  22284-4 0  9995
2 41335  98.6324  62.3000 0000950  88.3889 271.7400 14.26733693148445
1 41335U 16011A   18357.88636600 +.00000010 +00000-0 +22304-4 0  9992
2 41335 098.6324 062.3692 0000948 088.4672 271.6617 14.26733694148451
1 41335U 16011A   18358.16688606  .00000009  00000-0  21607-4 0  9990
2 41335  98.6324  62.6459 0000942  88.6338 271.4950 14.26733735148498
1 41335U 16011A   18358.51753614 -.00000002  00000-0  17378-4 0  9995
2 41335  98.6323  62.9917 0000942  89.0995 271.0294 14.26733742148544
1 41335U 16011A   18358.79805621 -.00000008  00000-0  14799-4 0  9991
2 41335  98.6323  63.2684 0000938  88.9458 271.1829 14.26733746148589
1 41335U 16011A   18358.93831623 -.00000007 +00000-0 +15202-4 0  9997
2 41335 098.6323 063.4067 0000936 089.0935 271.0353 14.26733753148608
1 41335U 16011A   18359.14870627 -.00000006  00000-0  15634-4 0  9996
2 41335  98.6322  63.6143 0000932  89.0881 271.0407 14.26733788148631
1 41335U 16011A   18359.49935635 -.00000010  00000-0  13966-4 0  9996
2 41335  98.6322  63.9601 0000931  89.3512 270.7775 14.26733797148685
1 41335U 16011A   18359.85000641 -.00000012  00000-0  13255-4 0  9999
2 41335  98.6321  64.3059 0000930  89.3661 270.7626 14.26733820148738
1 41335U 16011A   18359.92013642 -.00000012 +00000-0 +13152-4 0  9998
2 41335 098.6321 064.3751 0000929 089.4121 270.7166 14.26733820148747
1 41335U 16011A   18360.20065645 -.00000006  00000-0  15712-4 0  9998
2 41335  98.6321  64.6518 0000926  89.5500 270.5786 14.26733880148786
1 41335U 16011A   18360.48117649 -.00000001  00000-0  17796-4 0  9999
2 41335  98.6321  64.9285 0000925  89.6393 270.4894 14.26733906148823
1 41335U 16011A   18360.83182651  .00000002  00000-0  18909-4 0  9990
2 41335  98.6320  65.2743 0000922  89.6883 270.4403 14.26733948148873
1 41335U 16011A   18360.90195651 +.00000003 +00000-0 +19375-4 0  9991
2 41335 098.6320 065.3435 0000920 089.8401 270.2885 14.26733953148887
1 41335U 16011A   18361.18247652  .00000005  00000-0  19976-4 0  9990
2 41335  98.6320  65.6202 0000915  89.9707 270.1579 14.26734004148928
1 41335U 16011A   18361.39286653  .00000003  00000-0  19369-4 0  9991
2 41335  98.6320  65.8277 0000916  90.1393 269.9893 14.26734012148955
1 41335U 16011A   18361.53312653 +.00000002 +00000-0 +18898-4 0  9992
2 41335 098.6319 065.9660 0000916 090.3372 269.7913 14.26734031148973
1 41335U 16011A   18361.81364653 -.00000005  00000-0  16196-4 0  9993
2 41335  98.6319  66.2426 0000912  90.3489 269.7796 14.26734036149012
1 41335U 16011A   18361.88377652 -.00000005 +00000-0 +16070-4 0  9994
2 41335 098.6319 066.3118 0000911 090.6416 269.4869 14.26734034149020
1 41335U 16011A   18362.16429651 -.00000007  00000-0  15183-4 0  9999
2 41335  98.6318  66.5885 0000903  90.5535 269.5749 14.26734073149069
1 41335U 16011A   18362.51494651 -.00000015  00000-0  11738-4 0  9991
2 41335  98.6318  66.9343 0000904  90.9634 269.1650 14.26734083149111
1 41335U 16011A   18362.58507650 -.00000018 +00000-0 +10828-4 0  9994
2 41335 098.6318 067.0035 0000902 091.0341 269.0942 14.26734091149129
1 41335U 16011A   18362.86559650 -.00000021  00000-0  92406-5 0  9999
2 41335  98.6318  67.2801 0000900  90.9683 269.1600 14.26734087149168
1 41335U 16011A   18362.93572650 -.00000021 +00000-0 +95178-5 0  9991
2 41335 098.6318 067.3493 0000899 091.0568 269.0716 14.26734091149170
1 41335U 16011A   18363.14611650 -.00000022  00000-0  89787-5 0  9999
2 41335  98.6317  67.5568 0000898  91.2191 268.9093 14.26734115149204
1 41335U 16011A   18363.49676650 -.00000022  00000-0  90530-5 0  9996
2 41335  98.6317  67.9026 0000900  91.4881 268.6403 14.26734132149255
1 41335U 16011A   18363.56689650 -.00000022 +00000-0 +88068-5 0  9991
2 41335 098.6317 067.9718 0000900 091.6453 268.4830 14.26734144149266
1 41335U 16011A   18363.84741650 -.00000025  00000-0  78165-5 0  9991
2 41335  98.6317  68.2484 0000900  91.6035 268.5249 14.26734140149302
1 41335U 16011A   18363.91754650 -.00000023 +00000-0 +85561-5 0  9999
2 41335 098.6317 068.3176 0000900 091.7016 268.4267 14.26734146149317
1 41335U 16011A   18364.19806649 -.00000022  00000-0  89743-5 0  9991
2 41335  98.6316  68.5942 0000895  91.7167 268.4116 14.26734176149359
1 41335U 16011A   18364.47858649 -.00000019  00000-0  10020-4 0  9996
2 41335  98.6316  68.8709 0000897  91.9274 268.2010 14.26734182149398
1 41335U 16011A   18364.61884648 -.00000018 +00000-0 +10744-4 0  9992
2 41335 098.6316 069.0092 0000897 092.0268 268.1016 14.26734211149412
1 41335U 16011A   18364.82923647 -.00000016  00000-0  11554-4 0  9996
2 41335  98.6316  69.2167 0000895  91.9627 268.1656 14.26734215149449
1 41335U 16011A   18364.89936646 -.00000014 +00000-0 +12158-4 0  9995
2 41335 098.6316 069.2859 0000894 092.0816 268.0467 14.26734217149450